"dist_seassir" "TPR_seassir" "FPR_seassir" "d_seassir" "dist_seasintra" "TPR_seasintra" "FPR_seasintra" "d_seasintra" "dist_seaspfc" "TPR_seaspfc" "FPR_seaspfc" "d_seaspfc" "dist_lasso" "TPR_lasso" "FPR_lasso" "d_lasso"
"1" 0.461614707540968 1 0.00808080808080808 1 0.381598431126899 1 0.0101010101010101 1 0.360970370738494 1 0.00808080808080808 1 0.504489476692114 0.8 0 1
"2" 0.309311205366326 1 0.0121212121212121 1 0.319696612935911 1 0.0121212121212121 1 0.323984718365068 1 0.00101010101010101 1 0.427299566654034 0.9 0 1
"3" 0.337285200276153 1 0.0121212121212121 1 0.378693170930964 0.9 0.00808080808080808 1 0.424159442369523 0.9 0.0181818181818182 1 0.504115323785671 0.9 0 1
"4" 0.365364928247508 1 0.0292929292929293 1 0.337722142599467 1 0.0222222222222222 1 0.337176954306297 1 0.0181818181818182 1 0.558047106573042 0.9 0.00303030303030303 1
"5" 0.527262472126648 0.9 0.0363636363636364 1 0.542338123771482 0.9 0.00101010101010101 1 0.499455105758539 0.9 0.00202020202020202 1 0.52426703811798 1 0.00505050505050505 1
"6" 0.364971314954274 1 0.0444444444444444 1 0.343348281115007 1 0.0171717171717172 1 0.334179172015891 1 0.00404040404040404 1 0.583671777722824 0.8 0 1
"7" 0.28610516698034 1 0.0181818181818182 1 0.274205410022935 1 0.00909090909090909 1 0.293995028863588 1 0.00303030303030303 1 0.402360176661341 0.9 0.00101010101010101 1
"8" 0.379926660097748 1 0.0252525252525253 1 0.427027501911675 1 0.0363636363636364 1 0.369019305134159 1 0.0141414141414141 1 0.464278176924523 0.9 0 1
"9" 0.518557672711706 0.8 0.0121212121212121 1 0.4650271090121 0.9 0.00505050505050505 1 0.446370204961698 0.9 0.0161616161616162 1 0.58750187394754 0.7 0 1
"10" 0.285180045488302 1 0.00202020202020202 1 0.296478941106972 1 0.00101010101010101 1 0.290147539866746 1 0 1 0.464061773508284 1 0 1
"11" 0.396285689109441 1 0.0292929292929293 1 0.368374438142398 1 0.0131313131313131 1 0.316948742818273 1 0.00707070707070707 1 0.528749652057813 0.8 0 1
"12" 0.430168345063304 1 0.00202020202020202 1 0.335465166685171 1 0.0141414141414141 1 0.397613891604433 1 0.0101010101010101 1 0.555360098038248 0.9 0.0121212121212121 1
"13" 0.335298334879916 1 0.00101010101010101 1 0.326223783320385 1 0 1 0.267773164523757 1 0.00404040404040404 1 0.387848596098757 1 0 1
"14" 0.527148798048464 0.8 0.0232323232323232 1 0.511750456045517 0.9 0.0202020202020202 1 0.520062655784381 0.9 0.0181818181818182 1 0.490072302040588 0.8 0.00303030303030303 1
"15" 0.468992940401765 0.9 0.0393939393939394 1 0.431499362300765 1 0.00404040404040404 1 0.356617672499874 1 0.00404040404040404 1 0.385520581157562 0.9 0.00101010101010101 1
"16" 0.40340014853941 0.9 0.00505050505050505 1 0.389568033752682 0.9 0.00707070707070707 1 0.378540933300269 0.9 0.00303030303030303 1 0.447441119032131 0.9 0.00101010101010101 1
"17" 0.362494917743729 1 0.0121212121212121 1 0.283320367290093 1 0.0242424242424242 1 0.273183716333802 1 0.0101010101010101 1 0.388662633245705 1 0.00101010101010101 1
"18" 0.367062193708153 1 0.0161616161616162 1 0.376020501318083 1 0.00505050505050505 1 0.369616959070446 1 0.00505050505050505 1 0.554435764225884 0.8 0 1
"19" 0.373148966417957 1 0 1 0.320417205330299 1 0.00606060606060606 1 0.353529238201962 1 0.00606060606060606 1 0.380539843578343 1 0.00202020202020202 1
"20" 0.393096914608254 1 0.00909090909090909 1 0.378428962040217 1 0.0141414141414141 1 0.4078849252559 1 0.00606060606060606 1 0.519856432671158 0.9 0.00202020202020202 1
"21" 0.338531772354513 1 0.00505050505050505 1 0.275005646463683 1 0.0101010101010101 1 0.265630008864761 1 0.00505050505050505 1 0.397713040978709 0.9 0.00202020202020202 1
"22" 0.352069287987863 1 0.0373737373737374 1 0.421179577849183 1 0.0161616161616162 1 0.419964509355887 0.9 0.00606060606060606 1 0.524791914178234 0.8 0 1
"23" 0.526860490748269 0.9 0.0363636363636364 1 0.473739013900165 0.9 0.0191919191919192 1 0.475905224626711 0.9 0.0171717171717172 1 0.503128343391361 0.8 0.00202020202020202 1
"24" 0.318415618787033 1 0.00404040404040404 1 0.323039949208411 1 0.0111111111111111 1 0.297097220739666 1 0.00303030303030303 1 0.387848121952031 0.9 0 1
"25" 0.484652820313876 0.9 0.0343434343434343 1 0.528705069191389 0.9 0.00505050505050505 1 0.500870968440647 0.9 0.00303030303030303 1 0.575793472479732 0.9 0.00101010101010101 1
"26" 0.36713559061076 1 0.0181818181818182 1 0.358505002189833 1 0.0101010101010101 1 0.351489660427714 0.9 0.00505050505050505 1 0.538910276679685 0.9 0 1
"27" 0.490930334473012 1 0.0101010101010101 1 0.429589797904602 1 0.0151515151515152 1 0.39188591850523 1 0.00606060606060606 1 0.444822177911254 1 0.00505050505050505 1
"28" 0.4774046526584 1 0.00404040404040404 1 0.416885773410122 1 0.00707070707070707 1 0.401547032139635 1 0.00303030303030303 1 0.35967553659489 0.9 0 1
"29" 0.342222451086968 1 0.00707070707070707 1 0.392996772699401 1 0.0171717171717172 1 0.357170199920721 0.9 0.00202020202020202 1 0.436439536293819 0.9 0 1
"30" 0.301368922358553 1 0.0222222222222222 1 0.32030140808699 1 0.00404040404040404 1 0.333853626121237 1 0.00303030303030303 1 0.380694025314277 1 0 1
"31" 0.363040221056975 1 0.00202020202020202 1 0.314829060447003 1 0.00202020202020202 1 0.265145196600456 1 0.00404040404040404 1 0.501984462738692 1 0 1
"32" 0.455574471326246 1 0.00505050505050505 1 0.431278217266137 1 0.00404040404040404 1 0.415672741455186 1 0.00909090909090909 1 0.470770920581663 0.9 0.00202020202020202 1
"33" 0.3451558315056 1 0.0111111111111111 1 0.358022272471643 1 0.0212121212121212 1 0.369431765324157 1 0.00606060606060606 1 0.513788962622705 1 0 1
"34" 0.368957048138353 1 0.00303030303030303 1 0.401861210066615 1 0.00606060606060606 1 0.401379712126944 1 0.00505050505050505 1 0.485402129785382 0.9 0.00202020202020202 1
"35" 0.473989430728831 0.9 0.00707070707070707 1 0.494969688850578 0.9 0.00808080808080808 1 0.479182957752045 0.9 0.00202020202020202 1 0.581531226241629 0.9 0.00101010101010101 1
"36" 0.398259104947122 0.9 0.00202020202020202 1 0.364643535183309 1 0.00505050505050505 1 0.359129742962605 1 0 1 0.379925286513462 0.9 0 1
"37" 0.52948059929462 0.9 0 1 0.422279834902644 1 0.0191919191919192 1 0.406600890532231 1 0.0181818181818182 1 0.397893328581925 1 0.00202020202020202 1
"38" 0.484774051585872 1 0.00202020202020202 1 0.417352575134926 1 0.0292929292929293 1 0.388758525440683 1 0.0161616161616162 1 0.553570589065616 0.9 0 1
"39" 0.406202923245356 1 0.00505050505050505 1 0.252057944926649 1 0.0212121212121212 1 0.231256227899029 1 0.00505050505050505 1 0.423944912863638 1 0 1
"40" 0.488023997601997 0.7 0.00707070707070707 1 0.428556518457713 0.9 0.0313131313131313 1 0.386636121094552 0.9 0.00505050505050505 1 0.445506188336644 0.9 0.0212121212121212 1
"41" 0.303758618162851 1 0.0121212121212121 1 0.374619707323046 1 0.0222222222222222 1 0.363124231426998 0.9 0.0141414141414141 1 0.389698002205597 0.8 0.00101010101010101 1
"42" 0.369188149755849 1 0.00202020202020202 1 0.375236111539502 1 0.00202020202020202 1 0.351667325392131 1 0 1 0.517706849642687 0.9 0 1
"43" 0.431646268220041 1 0.00404040404040404 1 0.381837961243367 1 0.0191919191919192 1 0.429760050928428 1 0.0414141414141414 1 0.564888855900629 0.9 0.00202020202020202 1
"44" 0.329586852709748 1 0.00404040404040404 1 0.301454920264646 1 0.0161616161616162 1 0.244013991416386 1 0.00303030303030303 1 0.392967098650166 1 0.00101010101010101 1
"45" 0.501696053078758 0.9 0.0343434343434343 1 0.475028786070389 1 0.0595959595959596 1 0.416625938911418 1 0.00606060606060606 1 0.411649547779049 1 0.00909090909090909 1
"46" 0.443947512277295 0.9 0.0242424242424242 1 0.414794185328241 1 0.0373737373737374 1 0.406432350316904 1 0.0101010101010101 1 0.515557080515829 1 0 1
"47" 0.429058702754782 0.9 0.00909090909090909 1 0.445334026085374 0.9 0.0131313131313131 1 0.450639541567261 0.9 0.0131313131313131 1 0.641687089457367 0.9 0.00101010101010101 1
"48" 0.382153212016611 1 0.00606060606060606 1 0.35518016472482 1 0.00404040404040404 1 0.338671794486965 1 0 1 0.30952667439484 0.9 0.00101010101010101 1
"49" 0.304907420036578 0.9 0.00101010101010101 1 0.317880054061616 0.9 0 1 0.34431503121745 0.9 0 1 0.415687190686972 0.9 0.00101010101010101 1
"50" 0.250234659245873 1 0.0161616161616162 1 0.241089518161919 1 0.0232323232323232 1 0.239409126183705 1 0.0181818181818182 1 0.519073343075429 0.8 0.00101010101010101 1
"51" 0.456631877364773 0.8 0.0151515151515152 1 0.472522364427208 0.9 0.0252525252525253 1 0.43849817000805 1 0.00909090909090909 1 0.410247016058223 1 0.00101010101010101 1
"52" 0.399327358459954 1 0.0111111111111111 1 0.335642037468558 1 0.0131313131313131 1 0.341883033818601 1 0.00404040404040404 1 0.583974513246123 1 0.00404040404040404 1
"53" 0.316044812747684 0.9 0.00808080808080808 1 0.29344867425889 0.9 0.00505050505050505 1 0.333125698892364 0.9 0.00303030303030303 1 0.428071292607218 0.9 0.00202020202020202 1
"54" 0.306844382781516 1 0.0151515151515152 1 0.317716829063852 1 0.0121212121212121 1 0.365134003913018 1 0.0101010101010101 1 0.467223291828455 0.7 0 1
"55" 0.439088133522231 1 0.0282828282828283 1 0.398628419570779 1 0.0323232323232323 1 0.372690028071571 1 0.0242424242424242 1 0.406822031836487 1 0.00303030303030303 1
"56" 0.236665809681276 1 0.0131313131313131 1 0.224525421050226 1 0 1 0.264411728294869 1 0.00303030303030303 1 0.458829749040117 0.9 0.00101010101010101 1
"57" 0.289741468064472 1 0.00606060606060606 1 0.292395426679747 1 0.0181818181818182 1 0.272647386284166 1 0.00909090909090909 1 0.496004632240845 0.8 0 1
"58" 0.368370861487825 1 0.0101010101010101 1 0.301347193319773 1 0.00404040404040404 1 0.269394154595495 1 0.00303030303030303 1 0.375515715658993 1 0 1
"59" 0.477726575915622 0.9 0.00404040404040404 1 0.441301109164671 1 0.00808080808080808 1 0.44396368926294 0.9 0.00303030303030303 1 0.555034521745818 0.8 0.00202020202020202 1
"60" 0.468236821552858 0.9 0.00202020202020202 1 0.373604686357227 1 0.00808080808080808 1 0.343207836788327 1 0.00101010101010101 1 0.353836614149182 1 0 1
"61" 0.464497124745394 1 0.0393939393939394 1 0.450585846690984 1 0.0121212121212121 1 0.452730881250658 1 0.00505050505050505 1 0.51503610834994 0.8 0.00101010101010101 1
"62" 0.385204989785063 1 0.0181818181818182 1 0.383974950115231 1 0.00505050505050505 1 0.432445872403791 0.9 0.00101010101010101 1 0.520259945159698 0.8 0 1
"63" 0.472003890269365 1 0.0202020202020202 1 0.449115126701032 1 0.00909090909090909 1 0.382099765660226 1 0.00606060606060606 1 0.551196360251205 0.7 0.00101010101010101 1
"64" 0.31156287219198 1 0.0262626262626263 1 0.315984835726913 1 0.0101010101010101 1 0.324619346158936 1 0.00202020202020202 1 0.514568131050107 0.9 0.00606060606060606 1
"65" 0.445303194479312 0.9 0.00505050505050505 1 0.389046692062091 1 0.00909090909090909 1 0.391955731634912 1 0.00606060606060606 1 0.488563132700327 0.8 0 1
"66" 0.372777607627934 0.9 0.0171717171717172 1 0.362162875308874 0.9 0.0161616161616162 1 0.383734474560537 0.9 0.00505050505050505 1 0.428565164230515 0.8 0.00101010101010101 1
"67" 0.213732132620096 1 0.00101010101010101 1 0.21812532981059 1 0.00303030303030303 1 0.23560400289342 1 0.00202020202020202 1 0.292545339126183 1 0.00303030303030303 1
"68" 0.452590752301968 0.9 0.0101010101010101 1 0.449077873251792 0.9 0.00909090909090909 1 0.46580176737498 0.9 0.0161616161616162 1 0.589612136356111 0.8 0 1
"69" 0.23460404203397 1 0.0111111111111111 1 0.29584789912258 1 0.0131313131313131 1 0.321184073092182 1 0.00909090909090909 1 0.375966144802828 1 0.00202020202020202 1
"70" 0.513084818689842 0.8 0.0131313131313131 1 0.514700527171286 0.8 0.00909090909090909 1 0.503572461453058 0.8 0.0151515151515152 1 0.562009405637916 0.7 0.00303030303030303 1
"71" 0.289714904628619 1 0.00707070707070707 1 0.250449331102074 1 0.00505050505050505 1 0.222881827464688 1 0.0252525252525253 1 0.33888444800045 0.9 0.00707070707070707 1
"72" 0.429695514073796 0.9 0.00707070707070707 1 0.332804813344341 1 0.0202020202020202 1 0.312975945683334 1 0.00606060606060606 1 0.414217064007746 0.9 0 1
"73" 0.387644761375717 1 0.0151515151515152 1 0.362201502154812 1 0.0191919191919192 1 0.374633438799926 1 0.0161616161616162 1 0.482761664430695 0.9 0.00202020202020202 1
"74" 0.394123011066958 1 0.0252525252525253 1 0.426853740194783 1 0.0121212121212121 1 0.368812904611097 1 0.00505050505050505 1 0.48013749161529 1 0.00202020202020202 1
"75" 0.311237817292358 1 0.00404040404040404 1 0.340004317776983 1 0.00505050505050505 1 0.269321324272473 1 0.00404040404040404 1 0.293596512333891 1 0.00303030303030303 1
"76" 0.522931153420017 0.9 0.0191919191919192 1 0.524533909620669 0.9 0.0101010101010101 1 0.445189428232263 1 0.0161616161616162 1 0.420585162031537 1 0.0111111111111111 1
"77" 0.49099487432238 0.9 0.0282828282828283 1 0.469241238993881 0.9 0.0131313131313131 1 0.414047006607434 0.9 0.0101010101010101 1 0.37777457858962 0.9 0 1
"78" 0.387532908976712 1 0.00404040404040404 1 0.343032802707938 1 0.00808080808080808 1 0.311058791321085 1 0.00808080808080808 1 0.392324777905184 0.9 0.00303030303030303 1
"79" 0.302429761287358 1 0.0292929292929293 1 0.280080129985037 1 0.00909090909090909 1 0.266010145411198 1 0.00303030303030303 1 0.49419591437969 0.9 0 1
"80" 0.394981125439258 1 0.00101010101010101 1 0.333723590022835 1 0.00303030303030303 1 0.191807919015719 1 0.00101010101010101 1 0.405418581737706 0.9 0 1
"81" 0.360407303956644 1 0.00101010101010101 1 0.298586299946231 1 0.0101010101010101 1 0.374671394032489 1 0.00303030303030303 1 0.581743121627167 0.7 0.00101010101010101 1
"82" 0.406560179274762 1 0.00707070707070707 1 0.334698206399756 1 0.0575757575757576 1 0.357222806345233 1 0.0222222222222222 1 0.513180107647247 0.9 0.00404040404040404 1
"83" 0.412479838233241 0.9 0.0454545454545455 1 0.415973537181947 0.9 0.0151515151515152 1 0.379998402112646 0.9 0.00808080808080808 1 0.52164375324197 0.9 0.00101010101010101 1
"84" 0.503276784099656 0.8 0.00202020202020202 1 0.424131663675953 1 0.0515151515151515 1 0.32526974729509 1 0.0171717171717172 1 0.492105586533023 0.9 0.00202020202020202 1
"85" 0.428092831461131 1 0.0131313131313131 1 0.406000687580338 1 0.0212121212121212 1 0.405814485879339 1 0.0101010101010101 1 0.448976058234611 0.9 0.00202020202020202 1
"86" 0.526889469735485 1 0.00404040404040404 1 0.47460099499122 1 0.00606060606060606 1 0.419266403488321 1 0.00202020202020202 1 0.576146945931647 0.8 0.00202020202020202 1
"87" 0.335616419993167 1 0.0272727272727273 1 0.333046912985765 1 0.00707070707070707 1 0.312141451030411 1 0.00505050505050505 1 0.454686457353263 0.9 0.00909090909090909 1
"88" 0.45934265829018 1 0.0141414141414141 1 0.403424182749429 1 0.0181818181818182 1 0.375063931032475 1 0.00606060606060606 1 0.55608729263482 0.9 0.00101010101010101 1
"89" 0.3646054289493 0.9 0.0131313131313131 1 0.370549453973852 0.9 0.00101010101010101 1 0.356807265314499 0.9 0.00101010101010101 1 0.538334927663223 0.8 0 1
"90" 0.353002183702939 1 0.0252525252525253 1 0.331099319002109 1 0.0101010101010101 1 0.319362117017181 1 0.00707070707070707 1 0.517913695816035 0.8 0.00101010101010101 1
"91" 0.417916467046083 1 0.00606060606060606 1 0.372529890891332 1 0.00606060606060606 1 0.442777841488088 1 0.00101010101010101 1 0.522835978434565 0.9 0 1
"92" 0.445830082119827 0.9 0.0212121212121212 1 0.422729690935507 1 0.00808080808080808 1 0.418355870128847 1 0.00404040404040404 1 0.560984952796929 1 0 1
"93" 0.458105211369927 0.9 0.0181818181818182 1 0.486465868911218 0.8 0.00505050505050505 1 0.453850832949816 0.9 0.0161616161616162 1 0.588009955033573 0.7 0 1
"94" 0.320856834248257 1 0.0101010101010101 1 0.311751149077348 1 0.0111111111111111 1 0.300300442457537 1 0.0151515151515152 1 0.441690681480762 1 0 1
"95" 0.341315179246421 1 0.0262626262626263 1 0.267594834962473 1 0.0181818181818182 1 0.240580586014065 1 0.00505050505050505 1 0.493230058886433 0.8 0 1
"96" 0.413516580800062 0.9 0.00303030303030303 1 0.351863390943712 1 0.0181818181818182 1 0.335205710348934 1 0.0171717171717172 1 0.522925797831631 0.9 0.00202020202020202 1
"97" 0.308012326154026 1 0.00303030303030303 1 0.2898173678488 1 0.00303030303030303 1 0.312778075426723 1 0.00606060606060606 1 0.400210181425445 1 0 1
"98" 0.378495331899161 1 0.00404040404040404 1 0.334496365101335 1 0.00303030303030303 1 0.308675280273546 1 0.0101010101010101 1 0.513189077204215 0.9 0 1
"99" 0.36569345183599 0.9 0.0121212121212121 1 0.371997022877066 0.9 0.00505050505050505 1 0.359089495743668 0.9 0.00303030303030303 1 0.462407313784656 0.8 0.00202020202020202 1
"100" 0.45963396962805 1 0.0111111111111111 1 0.437380433798861 1 0.00606060606060606 1 0.412336948187739 1 0.0101010101010101 1 0.507182696402053 1 0.00404040404040404 1
