"dist_lassosir" "TPR_lassosir" "FPR_lassosir" "d_lassosir"
"1" 0.89542653327919 1 0.116161616161616 2
"2" 0.513058951495509 1 0.0454545454545455 1
"3" 0.668380330141822 1 0.0616161616161616 1
"4" 1.04577263274952 1 0.103030303030303 2
"5" 0.674450087105962 1 0.0696969696969697 1
"6" 1.08108689667347 0.9 0.132323232323232 2
"7" 0.893760256932937 1 0.0808080808080808 2
"8" 0.911253431048775 1 0.121212121212121 2
"9" 0.898471056916959 0.8 0.0868686868686869 2
"10" 0.98233570210604 1 0.117171717171717 2
"11" 0.7140443203809 1 0.0555555555555556 1
"12" 0.937561703519701 0.9 0.111111111111111 2
"13" 0.925208796563933 1 0.107070707070707 2
"14" 0.520951437879524 0.8 0.0303030303030303 1
"15" 0.964074534143832 1 0.0878787878787879 2
"16" 1.02096144808284 0.8 0.126262626262626 2
"17" 0.918215271867026 1 0.105050505050505 2
"18" 0.912773484247684 0.8 0.0909090909090909 2
"19" 0.601608809065437 1 0.0373737373737374 1
"20" 0.640015988777165 0.9 0.0474747474747475 1
"21" 0.874049910138324 0.9 0.104040404040404 2
"22" 0.994412570075761 0.9 0.124242424242424 2
"23" 0.934979052088519 1 0.111111111111111 2
"24" 0.850915988189786 1 0.112121212121212 2
"25" 0.978303858177634 0.9 0.128282828282828 2
"26" 0.684953570538944 1 0.0575757575757576 1
"27" 0.971196782377776 0.9 0.0454545454545455 2
"28" 0.843360366386427 1 0.0717171717171717 2
"29" 0.97704119288486 0.9 0.116161616161616 2
"30" 0.794080453972404 1 0.0373737373737374 2
"31" 0.598044492674325 1 0.0141414141414141 1
"32" 0.953274456784132 1 0.0929292929292929 2
"33" 0.557622801957055 0.9 0.0252525252525253 1
"34" 0.570858645087151 1 0.0565656565656566 1
"35" 0.598386054231756 0.9 0.0333333333333333 1
"36" 0.964143078606836 0.9 0.127272727272727 2
"37" 0.547967356801471 1 0.0505050505050505 1
"38" 0.975850449158031 1 0.11010101010101 2
"39" 0.923301746387581 1 0.119191919191919 2
"40" 0.90627671576786 0.9 0.0696969696969697 2
"41" 0.794264519104486 0.8 0.0898989898989899 1
"42" 0.732688146916914 1 0.0606060606060606 1
"43" 0.65051698254136 1 0.0545454545454545 1
"44" 0.899882665319259 1 0.0878787878787879 2
"45" 0.672609134634391 1 0.0484848484848485 1
"46" 1.00535168321874 0.9 0.113131313131313 2
"47" 1.02944115724994 1 0.117171717171717 2
"48" 1.02679116188328 0.9 0.127272727272727 2
"49" 0.974595583910695 1 0.121212121212121 2
"50" 0.926562865519086 0.9 0.103030303030303 2
"51" 0.985829385760519 0.9 0.131313131313131 2
"52" 0.951883553372186 1 0.13030303030303 2
"53" 0.694998801503178 0.8 0.0616161616161616 1
"54" 0.980400905841044 0.9 0.113131313131313 2
"55" 0.593717885075278 1 0.0454545454545455 1
"56" 0.649256115324393 1 0.0545454545454545 1
"57" 0.747347001504933 1 0.0606060606060606 1
"58" 0.565613917281952 0.9 0.0404040404040404 1
"59" 1.01311971448027 1 0.12020202020202 2
"60" 0.840687084143606 1 0.104040404040404 2
"61" 0.738827248196856 1 0.0474747474747475 1
"62" 0.99189085426873 0.9 0.131313131313131 2
"63" 0.915661534878589 1 0.104040404040404 2
"64" 0.917129368907549 1 0.107070707070707 2
"65" 0.966697459648467 1 0.0929292929292929 2
"66" 0.658901511420995 1 0.0505050505050505 1
"67" 0.503016517632364 1 0.0383838383838384 1
"68" 0.989427209225364 0.9 0.109090909090909 2
"69" 0.885839527969162 1 0.117171717171717 2
"70" 0.707295348487561 0.9 0.0474747474747475 1
"71" 0.638999731160038 0.9 0.0535353535353535 1
"72" 0.898149961665289 1 0.0777777777777778 2
"73" 0.319373625358334 1 0.0282828282828283 1
"74" 0.936382370286452 1 0.109090909090909 2
"75" 0.899511154408587 1 0.101010101010101 2
"76" 0.677808440769696 1 0.0656565656565657 1
"77" 0.581601042163508 0.8 0.0515151515151515 1
"78" 0.611437198733469 0.9 0.0494949494949495 1
"79" 0.850472112290071 1 0.0858585858585859 2
"80" 0.931676814818231 1 0.105050505050505 2
"81" 0.54056950106973 0.9 0.0202020202020202 1
"82" 0.870004762634207 1 0.0797979797979798 2
"83" 0.516612873837312 1 0.0313131313131313 1
"84" 1.06273732366086 1 0.142424242424242 2
"85" 1.02294092333146 1 0.143434343434343 2
"86" 0.655939747229383 1 0.0585858585858586 1
"87" 0.594084941496928 0.9 0.0464646464646465 1
"88" 0.978208137490988 1 0.127272727272727 2
"89" 0.921398309861872 0.9 0.0929292929292929 2
"90" 1.03905118913898 1 0.12020202020202 2
"91" 0.58547396884041 0.9 0.0414141414141414 1
"92" 0.995723430186021 0.9 0.108080808080808 2
"93" 0.742031776333415 0.8 0.0626262626262626 1
"94" 0.853010440929229 1 0.0868686868686869 2
"95" 0.930213174097053 1 0.108080808080808 2
"96" 1.01672548723232 0.9 0.12020202020202 2
"97" 0.958281918534698 1 0.133333333333333 2
"98" 0.91696841118484 1 0.118181818181818 2
"99" 0.898510115239857 0.9 0.0888888888888889 2
"100" 1.03618657622292 0.9 0.11010101010101 2
