"dist_lassosir" "TPR_lassosir" "FPR_lassosir" "d_lassosir"
"1" 0.938510030988475 0.9 0.117171717171717 2
"2" 0.643529128948006 0.9 0.0686868686868687 1
"3" 0.83443021064029 1 0.112121212121212 2
"4" 0.839657287728396 0.8 0.115151515151515 2
"5" 1.01864751358783 0.9 0.127272727272727 2
"6" 0.786813155727676 1 0.0676767676767677 2
"7" 0.959498996538865 0.9 0.124242424242424 2
"8" 0.854126754874432 1 0.0909090909090909 2
"9" 0.940358832372089 0.9 0.126262626262626 2
"10" 0.864012837462351 1 0.102020202020202 2
"11" 0.524226447037466 0.9 0.0333333333333333 1
"12" 0.457175561553245 0.9 0.0343434343434343 1
"13" 0.5806419790507 1 0.0444444444444444 1
"14" 0.666603055590944 0.9 0.0808080808080808 1
"15" 0.915072102680173 0.9 0.0757575757575758 2
"16" 0.550028624830428 1 0.0404040404040404 1
"17" 0.636215978466217 0.8 0.0393939393939394 1
"18" 0.832272295304722 1 0.0878787878787879 2
"19" 0.963732400561805 1 0.121212121212121 2
"20" 0.648719239362691 1 0.0585858585858586 1
"21" 0.748344791297001 0.8 0.0555555555555556 1
"22" 0.466751693575627 0.8 0.0212121212121212 1
"23" 1.02945549807658 0.9 0.0626262626262626 2
"24" 0.834635148847411 0.9 0.105050505050505 2
"25" 0.922103795765239 0.9 0.125252525252525 2
"26" 0.632782345139027 1 0.0363636363636364 1
"27" 0.507840892718823 0.9 0.0424242424242424 1
"28" 0.60712991919115 0.8 0.0616161616161616 1
"29" 0.953396591313974 1 0.12020202020202 2
"30" 0.849239975677942 1 0.0646464646464646 2
"31" 0.917716623635837 0.9 0.113131313131313 2
"32" 0.642850480230031 0.9 0.0676767676767677 1
"33" 0.844271912762869 0.9 0.106060606060606 2
"34" 0.521579237494068 0.9 0.0353535353535354 1
"35" 0.603207150512892 1 0.0505050505050505 1
"36" 0.899909956242159 1 0.107070707070707 2
"37" 0.532848385774728 1 0.0464646464646465 1
"38" 0.906510022492767 1 0.122222222222222 2
"39" 0.839404252101449 0.9 0.111111111111111 2
"40" 0.62880738944855 0.9 0.0555555555555556 1
"41" 0.96204628065746 1 0.127272727272727 2
"42" 0.592853582048769 0.9 0.0404040404040404 1
"43" 0.983448274324103 0.8 0.139393939393939 2
"44" 0.565176092206437 0.9 0.0282828282828283 1
"45" 0.555603144668124 0.9 0.0424242424242424 1
"46" 0.636313076289095 1 0.0606060606060606 1
"47" 0.663585152671321 1 0.0747474747474747 1
"48" 0.964295921832469 0.9 0.128282828282828 2
"49" 0.915390671424591 0.9 0.133333333333333 2
"50" 0.43844287478416 0.8 0.0161616161616162 1
"51" 0.659061972902019 1 0.0646464646464646 1
"52" 0.947811187321269 1 0.135353535353535 2
"53" 0.963706844093121 0.9 0.104040404040404 2
"54" 0.550170789597199 1 0.0494949494949495 1
"55" 0.933609762041916 0.9 0.094949494949495 2
"56" 0.686084348106482 0.9 0.0585858585858586 1
"57" 0.905030039056549 0.9 0.104040404040404 2
"58" 0.90290058855427 0.9 0.123232323232323 2
"59" 0.57519394281518 1 0.0575757575757576 1
"60" 0.906015596860419 1 0.12020202020202 2
"61" 0.905746764061762 1 0.119191919191919 2
"62" 0.415409503074666 0.9 0.0151515151515152 1
"63" 0.969090007821858 0.9 0.134343434343434 2
"64" 0.969976619645432 0.8 0.124242424242424 2
"65" 0.939546319421384 1 0.122222222222222 2
"66" 0.886685313082051 1 0.101010101010101 2
"67" 0.925596860415902 1 0.128282828282828 2
"68" 0.464555966940232 0.8 0.00202020202020202 1
"69" 1.00611305736973 1 0.126262626262626 2
"70" 0.882477760829242 0.9 0.0898989898989899 2
"71" 0.510985640407597 1 0.0333333333333333 1
"72" 0.997458412762306 0.9 0.114141414141414 2
"73" 0.919864076251338 1 0.135353535353535 2
"74" 0.841768158729801 1 0.0828282828282828 2
"75" 0.66667280191141 0.9 0.0626262626262626 1
"76" 0.53865564434331 0.9 0.0444444444444444 1
"77" 0.675732252950761 1 0.0737373737373737 1
"78" 0.799133819570991 0.9 0.0808080808080808 2
"79" 0.883265571606969 0.9 0.0606060606060606 2
"80" 0.53031172229941 1 0.0383838383838384 1
"81" 0.878338678251289 1 0.0535353535353535 2
"82" 0.814846547006574 1 0.0858585858585859 2
"83" 0.84176869127895 1 0.108080808080808 2
"84" 0.893581429666993 1 0.113131313131313 2
"85" 0.535683072096974 0.9 0.0343434343434343 1
"86" 0.606204181282851 0.9 0.0535353535353535 1
"87" 0.958355954574748 1 0.13030303030303 2
"88" 0.941466823227605 0.9 0.114141414141414 2
"89" 0.47919441694369 0.9 0.0323232323232323 1
"90" 0.467446400402301 1 0.0353535353535354 1
"91" 0.622291719802144 1 0.0636363636363636 1
"92" 0.45037190597567 0.9 0.0303030303030303 1
"93" 0.677526915923637 0.9 0.0656565656565657 1
"94" 1.05403574496111 0.9 0.139393939393939 2
"95" 0.926260007413259 0.8 0.103030303030303 2
"96" 0.522965971953375 0.9 0.0101010101010101 1
"97" 0.874974311959175 1 0.109090909090909 2
"98" 0.925158925210661 0.8 0.117171717171717 2
"99" 0.990428973725441 1 0.125252525252525 2
"100" 0.575023908941819 0.9 0.0545454545454545 1
