"dist_seassir" "TPR_seassir" "FPR_seassir" "d_seassir" "dist_seasintra" "TPR_seasintra" "FPR_seasintra" "d_seasintra" "dist_seaspfc" "TPR_seaspfc" "FPR_seaspfc" "d_seaspfc"
"1" 0.232073419629557 1 0 2 0.249446823809983 1 0 2 0.581379812935149 0.833333333333333 0.00100603621730382 2
"2" 0.291417343325551 1 0.00100603621730382 2 0.27363979392418 1 0.00100603621730382 2 0.30328334776577 1 0 2
"3" 0.256811373733281 1 0.00100603621730382 2 0.252738179211664 1 0.00503018108651911 2 0.261895192299871 1 0.00201207243460765 2
"4" 0.274578355813441 1 0 2 0.335445780827027 1 0.00402414486921529 2 0.27108565631596 1 0.00100603621730382 2
"5" 0.230448304112264 1 0.00100603621730382 2 0.249966143670397 1 0.00100603621730382 2 0.333203603441328 1 0.00100603621730382 2
"6" 0.384843040293163 1 0.00100603621730382 2 0.452319602738853 1 0 2 0.710472745434167 0.5 0.00201207243460765 2
"7" 0.233141916646618 1 0.00905432595573441 2 0.274453573542916 1 0 2 0.610932487155694 0.833333333333333 0.00301810865191147 2
"8" 0.2615396093395 1 0 2 0.30625588481516 1 0.00503018108651911 2 0.457237234747741 1 0.00301810865191147 2
"9" 0.298430622122207 1 0 2 0.304292448446353 1 0 2 0.553972374741387 0.666666666666667 0 2
"10" 0.285173988430996 1 0.0181086519114688 2 0.251736415680498 1 0 2 0.240784116479816 1 0 2
"11" 0.263818307426843 1 0.0110663983903421 2 0.208017691745722 1 0 2 0.369803119465351 0.833333333333333 0.00100603621730382 2
"12" 0.222529537510463 1 0 2 0.226560710901241 1 0 2 0.570217531979747 0.666666666666667 0.00201207243460765 2
"13" 0.20789998195336 1 0.00301810865191147 2 0.27674506458401 1 0.00201207243460765 2 0.426103295536958 0.833333333333333 0.00503018108651911 2
"14" 0.235384844001856 1 0.00301810865191147 2 0.218414226199916 1 0.00201207243460765 2 0.364430837579344 1 0.0100603621730382 2
"15" 0.30611655163267 1 0.00301810865191147 2 0.283374993096703 1 0 2 0.402719813155543 1 0.0150905432595573 2
"16" 0.309644532906116 1 0 2 0.284876824485412 1 0.00100603621730382 2 0.331765870908229 1 0.00301810865191147 2
"17" 0.308041125142607 1 0.0130784708249497 2 0.287684556844192 1 0.00905432595573441 2 0.251338053051327 1 0.00301810865191147 2
"18" 0.347799959986704 1 0.00100603621730382 2 0.336149208566344 1 0 2 0.353266651171179 1 0.00301810865191147 2
"19" 0.352796543366585 1 0 2 0.371229901850417 1 0.00301810865191147 2 0.497539986699046 0.833333333333333 0.0120724346076459 2
"20" 0.265026868683514 1 0.00100603621730382 2 0.326214653782869 1 0.00100603621730382 2 0.318345131461858 1 0.00100603621730382 2
"21" 0.218980647443196 1 0 2 0.21933649465103 1 0 2 0.359772141311672 1 0.00201207243460765 2
"22" 0.213720994705523 1 0 2 0.251680356662539 1 0 2 0.273064353403536 1 0.00100603621730382 2
"23" 0.256787738009619 1 0 2 0.307765915456429 1 0.00100603621730382 2 0.338480593563241 1 0.00301810865191147 2
"24" 0.285437037136475 1 0.00100603621730382 2 0.301677582270685 1 0 2 0.287673299854879 1 0.00704225352112676 2
"25" 0.222277440842774 1 0.0261569416498994 2 0.213997532462994 1 0.00503018108651911 2 0.3689087665037 0.833333333333333 0.00201207243460765 2
"26" 0.339118589283331 1 0.00100603621730382 2 0.31135968379129 1 0.00100603621730382 2 0.513238569259891 0.5 0 1
"27" 0.288256765439334 1 0.0100603621730382 2 0.334268872274969 1 0.00503018108651911 2 0.460968428768577 1 0 2
"28" 0.299537418127296 1 0.00100603621730382 2 0.27668010811588 1 0.00201207243460765 2 0.361399811619702 1 0.00301810865191147 2
"29" 0.326136009897225 1 0 2 0.392677379949817 1 0 2 0.454228464814934 1 0.00603621730382294 2
"30" 0.289049558456197 1 0.00503018108651911 2 0.353838465466628 1 0.00402414486921529 2 0.52454654687334 0.833333333333333 0.00603621730382294 1
"31" 0.288648435421782 1 0.0120724346076459 2 0.279148652561134 1 0.00301810865191147 2 0.509511715501766 0.666666666666667 0.00100603621730382 1
"32" 0.269820722348764 1 0.00201207243460765 2 0.277361871191841 1 0 2 0.326745431605965 1 0.00603621730382294 2
"33" 0.290812549569881 1 0 2 0.29506881808438 1 0.00201207243460765 2 0.514353100574187 0.666666666666667 0 1
"34" 0.343281654419299 1 0 2 0.328592489793903 1 0 2 0.366092814731052 1 0.00100603621730382 2
"35" 0.312813585698951 1 0 2 0.345485296139366 1 0.00804828973843058 2 0.371382446403692 1 0.00100603621730382 2
"36" 0.252413199847396 1 0.00804828973843058 2 0.286120173553279 1 0.00503018108651911 2 0.427002671425743 0.833333333333333 0 2
"37" 0.285801317190151 1 0.00100603621730382 2 0.224274180622641 1 0.00201207243460765 2 0.21899260992845 1 0.00201207243460765 2
"38" 0.291887366250822 1 0.00100603621730382 2 0.305204359132304 1 0.00201207243460765 2 0.416311346026338 1 0.00100603621730382 2
"39" 0.267266661395422 1 0.00301810865191147 2 0.219659383972931 1 0 2 0.222660837630888 1 0.00201207243460765 2
"40" 0.240011261605482 1 0.00100603621730382 2 0.25190775686679 1 0 2 0.309228232688584 1 0 2
"41" 0.28224464003418 1 0.00804828973843058 2 0.301731763219547 1 0 2 0.258140561052943 1 0.00704225352112676 2
"42" 0.30019608246817 1 0.00603621730382294 2 0.309588133963387 1 0.00100603621730382 2 0.347184593983886 1 0.00804828973843058 2
"43" 0.237072641377754 1 0.00603621730382294 2 0.235561457858473 1 0.0191146881287726 2 0.51281013658556 0.5 0.00301810865191147 1
"44" 0.239858881287641 1 0 2 0.204237133277879 1 0.00100603621730382 2 0.261688870156625 1 0.00201207243460765 2
"45" 0.298669265358639 1 0.00301810865191147 2 0.355063729805846 1 0.00201207243460765 2 0.500356281142289 0.833333333333333 0.00603621730382294 2
"46" 0.278108708145593 1 0.0100603621730382 2 0.436367614262219 0.833333333333333 0.00100603621730382 2 0.266078180403643 1 0.00503018108651911 2
"47" 0.245758659690968 1 0.00100603621730382 2 0.272310850355925 1 0.00201207243460765 2 0.464280058955703 0.833333333333333 0.00905432595573441 2
"48" 0.285731220364898 1 0.00301810865191147 2 0.285612078804705 1 0.00100603621730382 2 0.508594682174425 0.5 0 1
"49" 0.2706351251776 1 0 2 0.291957254806395 1 0 2 0.331877896673903 1 0.0201207243460765 2
"50" 0.308047066729521 1 0 2 0.358820412065961 1 0 2 0.535431149306851 0.666666666666667 0 1
"51" 0.16544645211242 1 0 2 0.256773340566716 1 0.00201207243460765 2 0.369783816659396 1 0.00100603621730382 2
"52" 0.300835852567597 1 0 2 0.346506717214633 1 0.00201207243460765 2 0.309097679058443 1 0 2
"53" 0.246907160435003 1 0.00201207243460765 2 0.27542701686039 1 0.00301810865191147 2 0.298866999490826 1 0.00301810865191147 2
"54" 0.317968431912199 1 0.00804828973843058 2 0.283695444945194 1 0.00201207243460765 2 0.392425074889251 1 0.00503018108651911 2
"55" 0.298578145476857 1 0.00402414486921529 2 0.394744981314732 1 0.00100603621730382 2 0.520722716699528 0.5 0.00100603621730382 1
"56" 0.566324608166551 1 0 3 0.286595838522686 1 0.00201207243460765 2 0.426090045180789 0.833333333333333 0 2
"57" 0.183245675575286 1 0.00603621730382294 2 0.157256642367889 1 0 2 0.277150460135354 1 0.00301810865191147 2
"58" 0.210398891229543 1 0.00301810865191147 2 0.257410236697061 1 0.00301810865191147 2 0.219315186799148 1 0.00804828973843058 2
"59" 0.220908560503018 1 0.0120724346076459 2 0.185459957482753 1 0.00100603621730382 2 0.447890915627952 0.833333333333333 0 2
"60" 0.2874060120322 1 0.00301810865191147 2 0.30066708001303 1 0.00201207243460765 2 0.277903583045504 1 0.00100603621730382 2
"61" 0.283230605233681 1 0 2 0.23407395866126 1 0 2 0.424253883481713 0.833333333333333 0.00201207243460765 2
"62" 0.285894939696531 1 0.00201207243460765 2 0.332352665900861 1 0.00100603621730382 2 0.73958291004322 0.5 0.00100603621730382 2
"63" 0.319470939349655 1 0.00201207243460765 2 0.465541943599483 1 0.00100603621730382 2 0.579346173337536 0.5 0 1
"64" 0.282884355631295 1 0.00100603621730382 2 0.282445733571731 1 0 2 0.29308104949837 1 0 2
"65" 0.241332166481385 1 0 2 0.226521357897853 1 0.00100603621730382 2 0.41606098257469 0.833333333333333 0.00201207243460765 2
"66" 0.718143685141379 1 0 4 0.718828611131691 1 0 4 0.648923728878063 0.833333333333333 0.00100603621730382 2
"67" 0.232994964720239 1 0 2 0.243064657779614 1 0 2 0.310382810983639 1 0 2
"68" 0.321653870254736 1 0.00100603621730382 2 0.321011253548816 1 0 2 0.565519165173823 0.833333333333333 0 2
"69" 0.247567289660997 1 0.0150905432595573 2 0.236738724567463 1 0.00100603621730382 2 0.407774408713134 1 0.0191146881287726 2
"70" 0.271704870678684 1 0.00100603621730382 2 0.291192487785323 1 0.00603621730382294 2 0.306686248780261 1 0.017102615694165 2
"71" 0.287358891120575 1 0.00100603621730382 2 0.291196895843798 1 0.00100603621730382 2 0.308419118714895 1 0.00100603621730382 2
"72" 0.257203414350549 1 0.00201207243460765 2 0.233215981938242 1 0.00301810865191147 2 0.544520209866784 0.666666666666667 0.00100603621730382 2
"73" 0.381688716980557 1 0.00201207243460765 2 0.390323387922838 1 0.00100603621730382 2 0.433108773799307 1 0.00100603621730382 2
"74" 0.320763424894672 1 0.0100603621730382 2 0.399596392967209 0.833333333333333 0.00201207243460765 2 0.498174064638124 0.833333333333333 0.0301810865191147 2
"75" 0.213268550920569 1 0.00301810865191147 2 0.294991763170056 1 0.00100603621730382 2 0.396425353953536 0.833333333333333 0.00603621730382294 2
"76" 0.281734756600882 1 0.00301810865191147 2 0.264126165070011 1 0.0100603621730382 2 0.300629103709014 1 0.00402414486921529 2
"77" 0.246514682586428 1 0.00503018108651911 2 0.263210877606684 1 0.00301810865191147 2 0.599486761830839 0.666666666666667 0 2
"78" 0.269912468079033 1 0.00100603621730382 2 0.286445034526164 1 0.00201207243460765 2 0.349269491349232 1 0.00603621730382294 2
"79" 0.268496490607504 1 0.00100603621730382 2 0.267961272461101 1 0 2 0.336291120532124 1 0.00100603621730382 2
"80" 0.288889612637103 1 0 2 0.382666766664015 1 0.0100603621730382 2 0.407251689025911 1 0.0100603621730382 2
"81" 0.221098001906422 1 0 2 0.234289349381913 1 0.00100603621730382 2 0.476466224082118 0.833333333333333 0.00201207243460765 2
"82" 0.272220878504392 1 0.00905432595573441 2 0.251007504036733 1 0.00201207243460765 2 0.563771845133254 0.5 0.00402414486921529 1
"83" 0.280747506364001 1 0.00201207243460765 2 0.282943638244143 1 0.00603621730382294 2 0.57321169532691 0.833333333333333 0.0201207243460765 1
"84" 0.244022391872771 1 0.00704225352112676 2 0.297493767123669 1 0.00100603621730382 2 0.341734909182229 1 0.0160965794768612 2
"85" 0.261275895291981 1 0.00503018108651911 2 0.323477949926922 1 0.00704225352112676 2 0.517366525932861 0.833333333333333 0.00201207243460765 2
"86" 0.326749899423095 1 0 2 0.386485057136659 1 0 2 0.301186842987959 1 0.00301810865191147 2
"87" 0.178502497913759 1 0.00100603621730382 2 0.150875563013004 1 0.00100603621730382 2 0.201481412805262 1 0.00201207243460765 2
"88" 0.279961117957962 1 0 2 0.289408376012141 1 0 2 0.568846062459651 0.666666666666667 0 2
"89" 0.277450121051796 1 0.00503018108651911 2 0.26101789060972 1 0 2 0.225863937468693 1 0.00201207243460765 2
"90" 0.220875968232615 1 0 2 0.320463058777077 1 0.00100603621730382 2 0.341995903535421 1 0 2
"91" 0.324940625199962 1 0 2 0.313934993865038 1 0.00201207243460765 2 0.493959713016294 0.833333333333333 0.00201207243460765 2
"92" 0.329883254148642 1 0.00301810865191147 2 0.31464584863853 1 0.00100603621730382 2 0.535018324735473 0.5 0 1
"93" 0.303162011824129 1 0 2 0.326703830986019 1 0 2 0.410312758942126 1 0 2
"94" 0.242981572815503 1 0 2 0.277348741479091 1 0 2 0.573410445667911 0.666666666666667 0.00201207243460765 2
"95" 0.255585641466155 1 0.00100603621730382 2 0.35102255588643 1 0.00100603621730382 2 0.443265682687283 1 0 2
"96" 0.565800253127794 1 0 3 0.378077422939531 1 0.00301810865191147 2 0.492681447966843 0.833333333333333 0 2
"97" 0.229887390445721 1 0 2 0.219906249739503 1 0 2 0.508394035581315 0.5 0 1
"98" 0.274189453427456 1 0.00100603621730382 2 0.252320571098514 1 0.00100603621730382 2 0.276626292727856 1 0 2
"99" 0.281900222228479 1 0.00100603621730382 2 0.581478624313348 1 0 3 0.259677532712557 1 0.00704225352112676 2
"100" 0.218636850936294 1 0.00301810865191147 2 0.380519640398478 1 0.00100603621730382 2 0.370642319830102 1 0.0130784708249497 2
