"dist_lassosir" "TPR_lassosir" "FPR_lassosir" "d_lassosir"
"1" 0.652153128072241 1 0.0824949698189135 2
"2" 0.559389342525016 1 0.0251509054325956 1
"3" 0.723794726271202 1 0.135814889336016 2
"4" 0.583723038127843 1 0.0462776659959759 1
"5" 0.555921955681719 1 0.0241448692152917 1
"6" 0.62245165506095 1 0.0613682092555332 1
"7" 0.612152421292081 1 0.0583501006036217 1
"8" 0.515307106328221 1 0.0191146881287726 1
"9" 0.636183198747943 1 0.0925553319919517 2
"10" 0.736525711319549 1 0.0955734406438632 2
"11" 0.735618718798736 1 0.0935613682092555 2
"12" 0.548826946820612 1 0.0201207243460765 1
"13" 0.601979921601438 1 0.106639839034205 2
"14" 0.578113272710392 1 0.0392354124748491 1
"15" 0.531372474497396 1 0.00603621730382294 1
"16" 0.575184609403923 1 0.0362173038229376 1
"17" 0.51806510587719 1 0.00804828973843058 1
"18" 0.586982921226173 1 0.0201207243460765 1
"19" 0.563717360713735 1 0.0422535211267606 1
"20" 0.516998536783592 1 0.0181086519114688 1
"21" 0.618577313722349 1 0.0583501006036217 1
"22" 0.564483709148214 1 0.0301810865191147 1
"23" 0.654086446947568 1 0.0835010060362173 2
"24" 0.639600972654499 1 0.0402414486921529 1
"25" 0.59378971774695 1 0.0472837022132797 1
"26" 0.654837866014186 1 0.119718309859155 2
"27" 0.581075980229272 1 0.0422535211267606 1
"28" 0.550212713007057 1 0.0251509054325956 1
"29" 0.714686623159441 1 0.104627766599598 2
"30" 0.57444072572747 1 0.0835010060362173 2
"31" 0.592848659896103 1 0.0382293762575453 1
"32" 0.70574555273221 1 0.107645875251509 2
"33" 0.586760810321162 1 0.0533199195171026 2
"34" 0.734271283847833 1 0.0985915492957746 2
"35" 0.629757352157437 1 0.0905432595573441 2
"36" 0.5503186135178 1 0.0251509054325956 1
"37" 0.65864216751166 1 0.096579476861167 2
"38" 0.566386964358198 1 0.0694164989939638 2
"39" 0.559913473745021 1 0.03420523138833 1
"40" 0.584392206736888 1 0.0553319919517103 1
"41" 0.534982434724496 1 0.0241448692152917 1
"42" 0.664089770373026 1 0.0724346076458753 2
"43" 0.682023428680221 1 0.105633802816901 2
"44" 0.558344168474005 1 0.0331991951710262 1
"45" 0.542466735144215 1 0.0221327967806841 1
"46" 0.754482331120838 1 0.107645875251509 2
"47" 0.568470054095364 1 0.0321931589537223 1
"48" 0.664094201021903 1 0.101609657947686 2
"49" 0.552046853940936 1 0.0321931589537223 1
"50" 0.640885054383029 1 0.062374245472837 1
"51" 0.70747963650074 1 0.0774647887323944 2
"52" 0.59877310984011 1 0.0603621730382294 1
"53" 0.579190652437744 0.833333333333333 0.0503018108651912 1
"54" 0.688321759710976 1 0.0835010060362173 2
"55" 0.719246471982056 1 0.132796780684105 2
"56" 0.666070406448224 1 0.0915492957746479 2
"57" 0.560889227151482 1 0.0181086519114688 1
"58" 0.532119768676452 1 0.00704225352112676 1
"59" 0.530198564641694 1 0.0291750503018109 1
"60" 0.538329424981338 1 0.028169014084507 1
"61" 0.602252176100246 1 0.0593561368209256 2
"62" 0.643203625806504 1 0.0653923541247485 2
"63" 0.525758657990012 1 0.0201207243460765 1
"64" 0.625737960471518 1 0.100603621730382 2
"65" 0.559553232546935 1 0.0150905432595573 1
"66" 0.608486747166437 1 0.0372233400402414 1
"67" 0.529337149778967 1 0.00603621730382294 1
"68" 0.725515334662749 1 0.10261569416499 2
"69" 0.633593989565328 1 0.0945674044265594 2
"70" 0.662521051323479 1 0.0945674044265594 2
"71" 0.570255125489901 1 0.00804828973843058 1
"72" 0.59419573657549 1 0.0130784708249497 1
"73" 0.592380436896511 1 0.0543259557344064 1
"74" 0.554556450832659 1 0.0321931589537223 1
"75" 0.524240067546008 1 0.0120724346076459 1
"76" 0.796892674375957 1 0.128772635814889 2
"77" 0.607885559576887 1 0.0925553319919517 2
"78" 0.548919579294736 1 0.0331991951710262 1
"79" 0.555927944270021 1 0.0261569416498994 1
"80" 0.521851266782212 1 0.0110663983903421 1
"81" 0.609592870219058 1 0.10261569416499 2
"82" 0.556416324649413 1 0.0140845070422535 1
"83" 0.58581369497771 1 0.0432595573440644 1
"84" 0.526164325890559 1 0.00704225352112676 1
"85" 0.663812138014592 1 0.104627766599598 2
"86" 0.551369847509941 1 0.0221327967806841 1
"87" 0.670125456221683 1 0.0985915492957746 2
"88" 0.70497104646974 1 0.128772635814889 2
"89" 0.555238084854204 1 0.0472837022132797 1
"90" 0.631333330963653 1 0.110663983903421 2
"91" 0.76235455808269 1 0.139839034205231 2
"92" 0.558010319381896 1 0.0352112676056338 1
"93" 0.75159812828801 1 0.12374245472837 2
"94" 0.649067023409051 1 0.0885311871227364 2
"95" 0.58263977475637 1 0.0231388329979879 1
"96" 0.545292817294374 1 0.0503018108651912 2
"97" 0.523067148020562 1 0.0784708249496982 2
"98" 0.562107312899523 1 0.0774647887323944 2
"99" 0.699096577843148 1 0.119718309859155 2
"100" 0.544881920136749 1 0.0301810865191147 1
