"dist_seassir" "TPR_seassir" "FPR_seassir" "d_seassir" "dist_seasintra" "TPR_seasintra" "FPR_seasintra" "d_seasintra" "dist_seaspfc" "TPR_seaspfc" "FPR_seaspfc" "d_seaspfc"
"1" 0.221339654303179 1 0 2 0.244523336880131 1 0 2 0.526559902406861 1 0 1
"2" 0.268020722549002 1 0 2 0.460008103686036 1 0 2 0.556287892455863 0.5 0 1
"3" 0.126096954836979 1 0 2 0.568018134337037 1 0 2 0.524056050264191 0.5 0 1
"4" 0.203071529598343 1 0 2 0.176695380567696 1 0 2 0.511659017951587 0.833333333333333 0 2
"5" 0.72019205327268 1 0.00603621730382294 4 0.71860624282067 1 0.00201207243460765 4 0.510028679819071 0.5 0 1
"6" 0.127912996331573 1 0.00402414486921529 2 0.133324746227544 1 0 2 0.515190955040354 0.5 0 1
"7" 0.525382128891023 1 0 3 0.230251760490596 1 0 2 0.719718101343539 0.5 0 2
"8" 0.115163649956158 1 0.00100603621730382 2 0.0924463153463589 1 0 2 0.554476549822904 0.5 0 1
"9" 0.200742908313301 1 0 2 0.27492104508611 1 0.00201207243460765 2 0.56248793447788 0.666666666666667 0.00905432595573441 1
"10" 0.14464353484317 1 0 2 0.722652169512149 1 0 4 0.520510303651215 0.5 0 1
"11" 0.511227617836411 1 0 3 0.365517785261609 1 0 2 0.515754773883021 0.5 0 1
"12" 0.145564971539307 1 0 2 0.183041526154965 1 0 2 0.516394317323565 0.833333333333333 0 1
"13" 0.709477604246021 1 0 4 0.715640131840434 1 0 4 0.502555670011114 0.5 0.00100603621730382 1
"14" 0.716870935618603 1 0 4 0.633078349610181 0.666666666666667 0 2 0.530511075786121 0.666666666666667 0 1
"15" 0.238106744644696 1 0.00100603621730382 2 0.446221340745637 1 0 2 0.505224745762272 0.5 0 1
"16" 0.206063720446452 1 0.00402414486921529 2 0.233361567399022 1 0 2 0.541647467604838 0.5 0.00100603621730382 1
"17" 0.137667397610133 1 0 2 0.0926023931296754 1 0 2 0.501135706705173 0.5 0 1
"18" 0.120848747437741 1 0 2 0.142608547380518 1 0 2 0.276066638409112 1 0.00100603621730382 2
"19" 0.512484881638445 1 0 3 0.126740010916171 1 0 2 0.501883013158598 0.5 0 1
"20" 0.55448910482971 0.833333333333333 0 1 0.178326348750522 1 0 2 0.528174840670397 0.5 0 1
"21" 0.128961191920152 1 0 2 0.0914547795885369 1 0 2 0.508855993925313 0.5 0 1
"22" 0.190150139586596 1 0 2 0.184816018077268 1 0 2 0.224027922352674 1 0 2
"23" 0.171200075632732 1 0 2 0.179131264466775 1 0 2 0.507857349228433 0.5 0 1
"24" 0.202472218244226 1 0 2 0.182449615913618 1 0 2 0.506350533337361 0.666666666666667 0 1
"25" 0.215573242392422 1 0 2 0.346531120815694 1 0 2 0.50287199487095 0.666666666666667 0 1
"110" 0.188058656627355 1 0 2 0.206198114294174 1 0 2 0.545011491646859 0.5 0 1
"26" 0.0848175491276341 1 0 2 0.0838768001722654 1 0 2 0.511608065195921 0.5 0 1
"31" 0.152723325832444 1 0 2 0.502147928828898 0.666666666666667 0 1 0.509266815192171 0.666666666666667 0 1
"41" 0.233680178942692 1 0 2 0.22692355535769 1 0 2 0.504069955078531 0.666666666666667 0 1
"51" 0.5539139094511 1 0 3 0.23909039003855 1 0 2 0.529083867107142 0.666666666666667 0 1
"61" 0.207304243927675 1 0.00905432595573441 2 0.23183226034319 1 0.00503018108651911 2 0.528796385279638 0.5 0.00301810865191147 1
"71" 0.171189483562617 1 0 2 0.324236888917054 1 0 2 0.506285276500429 0.5 0 1
"81" 0.196633139622009 1 0 2 0.227374960596897 1 0 2 0.510242156412594 0.5 0 1
"91" 0.192154963320696 1 0 2 0.712365479351526 1 0 4 0.509112290086534 0.5 0 1
"101" 0.250408877147376 1 0 2 0.504789805939613 1 0 2 0.503546640828798 0.5 0.00301810865191147 1
"111" 0.201988916963675 1 0 2 0.523279935324142 1 0.00100603621730382 3 0.546486886413044 1 0.0140845070422535 2
"121" 0.166452452343254 1 0 2 0.369745823594392 1 0 2 0.508693913698349 0.5 0.00201207243460765 1
"131" 0.726989131088255 1 0 4 0.53122457090085 1 0 3 0.502511173212885 0.5 0 1
"141" 0.193284394361042 1 0.00201207243460765 2 0.641540477676017 0.666666666666667 0 2 0.517559412199445 0.833333333333333 0.00301810865191147 1
"151" 0.606381220214345 0.666666666666667 0 2 0.180976558296511 1 0 2 0.532715312493027 0.5 0 1
"161" 0.183577699821696 1 0 2 0.166726657566632 1 0 2 0.508369510457536 0.5 0 1
"171" 0.504400352818654 1 0 3 0.226483599777743 1 0 2 0.511136665535356 0.666666666666667 0 1
"181" 0.450056690649812 1 0 2 0.307375996468004 1 0 2 0.525481405826231 0.5 0 1
"191" 0.717004284831671 1 0 4 0.516273765076808 1 0 3 0.518163257012204 0.5 0.00301810865191147 1
"201" 0.516123935783564 1 0 2 0.202422378211253 1 0 2 0.510085415972959 0.5 0 1
"211" 0.208881090356175 1 0 2 0.211538201232419 1 0 2 0.536458579553292 0.5 0 1
"221" 0.139610155661182 1 0.00402414486921529 2 0.228114810486415 1 0 2 0.520488458342479 1 0.00100603621730382 1
"231" 0.509163544843505 1 0 3 0.16067698639399 1 0 2 0.522868782829087 0.5 0 1
"241" 0.243876580719129 1 0 2 0.263890449092373 1 0 2 0.543323902805778 0.5 0 1
"251" 0.553843069146777 1 0.00100603621730382 3 0.221932891843495 1 0.00100603621730382 2 0.501851806681341 0.5 0 1
"112" 0.524728923260512 1 0 3 0.524533410788899 1 0 3 0.54155235155021 0.666666666666667 0 1
"27" 0.156747883527069 1 0.00100603621730382 2 0.173094462020687 1 0 2 0.508404244139538 1 0.00301810865191147 1
"32" 0.774828882764503 0.5 0 2 0.721265161611414 1 0 4 0.701981475944348 0.666666666666667 0.00804828973843058 2
"42" 0.222585804274766 1 0 2 0.281728382917008 1 0 2 0.563241659189319 0.833333333333333 0 1
"52" 0.163638143056253 1 0.00201207243460765 2 0.155785830823019 1 0.00201207243460765 2 0.504260382910957 0.5 0 1
"62" 0.18084582945174 1 0.0120724346076459 2 0.178897288461222 1 0.00100603621730382 2 0.576691245662868 0.5 0.0191146881287726 1
"72" 0.19207927585212 1 0 2 0.180804535655818 1 0 2 0.516865365931052 0.5 0 1
"82" 0.710012938324753 1 0 4 0.143248768834616 1 0 2 0.506005423226473 0.5 0.00100603621730382 1
"92" 0.152827049951812 1 0.00201207243460765 2 0.164740055750321 1 0 2 0.502786740504223 0.5 0 1
"102" 0.259785284122475 1 0 2 0.219384304314737 1 0 2 0.198600935814665 1 0.00201207243460765 2
"113" 0.145023698557516 1 0 2 0.115121001484563 1 0.00100603621730382 2 0.524690560390829 1 0.00402414486921529 1
"122" 0.178065316201821 1 0.00301810865191147 2 0.716306529005817 1 0.00100603621730382 4 0.545066586893336 0.5 0 1
"132" 0.200198006425763 1 0 2 0.189509115355543 1 0 2 0.509441408936975 0.5 0 1
"142" 0.15020212116778 1 0 2 0.58905398067526 1 0 2 0.526480436324051 0.5 0 1
"152" 0.175389248528661 1 0.00100603621730382 2 0.146156642628938 1 0 2 0.522029977453849 0.5 0 1
"162" 0.160455588453244 1 0 2 0.135033577200343 1 0 2 0.51433432982845 0.5 0 1
"172" 0.243856002549025 1 0 2 0.24800267316955 1 0 2 0.686269269958648 0.666666666666667 0 2
"182" 0.132045540797101 1 0 2 0.116069118485571 1 0 2 0.517157300761352 0.5 0 1
"192" 0.148284173700791 1 0 2 0.301157844161403 1 0 2 0.539731653198647 0.5 0.00100603621730382 1
"202" 0.228199730333882 1 0 2 0.22071010984346 1 0.00201207243460765 2 0.55376419610817 0.5 0 1
"212" 0.713953774389321 1 0 4 0.713614876581586 1 0 4 0.501490990593894 0.5 0.00100603621730382 1
"222" 0.553367534966191 1 0 2 0.262446039739948 1 0 2 0.614896337938516 0.5 0 1
"232" 0.199804606759516 1 0 2 0.200532606709182 1 0 2 0.510452047427542 0.5 0 1
"242" 0.198224637795391 1 0 2 0.212461612034961 1 0 2 0.528453789511713 0.5 0 1
"252" 0.215875682717422 1 0 2 0.215695481251334 1 0 2 0.581658118480326 0.5 0 1
"114" 0.129912365778805 1 0 2 0.129639960144225 1 0 2 0.500715248659017 0.5 0 1
"28" 0.188083752113978 1 0.00201207243460765 2 0.0452884284175679 1 0 2 0.527700682099826 0.5 0 1
"33" 0.170317996404415 1 0.00402414486921529 2 0.559639316425958 0.5 0 1 0.552029155789071 0.666666666666667 0 1
"43" 0.263000089812114 1 0.0201207243460765 2 0.491581676372296 0.833333333333333 0 2 0.516566207598515 0.5 0 1
"53" 0.723947719919219 1 0 4 0.519062439250487 0.666666666666667 0 1 0.508324346720567 0.666666666666667 0.00301810865191147 1
"63" 0.131946744243928 1 0 2 0.116242929770904 1 0 2 0.727523239451626 0.5 0.00402414486921529 2
"73" 0.206678869926334 1 0 2 0.281600086586984 1 0.00905432595573441 2 0.799896601868323 0.5 0.00603621730382294 2
"83" 0.221898644725151 1 0 2 0.213060625044831 1 0 2 0.512914111331754 1 0 1
"93" 0.180580844084333 1 0 2 0.528568060188359 0.833333333333333 0 2 0.588791677012305 0.5 0 1
"103" 0.240018569104466 1 0.00402414486921529 2 0.220290685610949 1 0.00402414486921529 2 0.512722437576651 0.5 0.00100603621730382 1
"115" 0.243077777732555 1 0.00301810865191147 2 0.234374990505901 1 0.00100603621730382 2 0.281468943116546 1 0.00100603621730382 2
"123" 0.23475533361314 1 0 2 0.282926077881722 1 0.00503018108651911 2 0.632708354789676 0.5 0 1
"133" 0.167635275825122 1 0 2 0.199851768065376 1 0 2 0.526871726516033 1 0 1
"143" 0.713613313183612 1 0 4 0.713451091293276 1 0 4 0.501023021237537 0.5 0 1
"153" 0.713046777943601 1 0.00100603621730382 4 0.513185189063728 1 0 3 0.713594377678821 0.666666666666667 0.0100603621730382 2
"163" 0.253368142782392 1 0 2 0.301375831854501 1 0.00100603621730382 2 0.539813586524786 0.5 0.00301810865191147 1
"173" 0.521134679181388 1 0 3 0.727150660359903 1 0 4 0.502195424490615 0.5 0 1
"183" 0.361894607001423 1 0 2 0.532431686093075 0.833333333333333 0 1 0.50604172586625 0.666666666666667 0 1
"193" 0.272763354551004 1 0 2 0.557292696579688 1 0 3 0.521220108424299 0.666666666666667 0 1
"203" 0.149542846148141 1 0.00402414486921529 2 0.5421290862792 0.833333333333333 0 2 0.548151044737479 0.5 0.00100603621730382 1
"213" 0.136289680446362 1 0 2 0.216466884172253 1 0 2 0.516316482439687 0.666666666666667 0 1
"223" 0.715063438577966 1 0 4 0.109532666534662 1 0.00402414486921529 2 0.0715622474226569 1 0 2
"233" 0.17540161218866 1 0 2 0.160195214364601 1 0 2 0.740968554203371 0.5 0 2
"243" 0.149865927049914 1 0.00704225352112676 2 0.229583150330002 1 0 2 0.513294537875485 0.5 0 1
"253" 0.225350034811115 1 0.00301810865191147 2 0.264196342168427 1 0 2 0.52211018170379 0.833333333333333 0 1
