"dist_lassosir" "TPR_lassosir" "FPR_lassosir" "d_lassosir"
"1" 0.571922451285131 1 0.0140845070422535 1
"2" 0.663754860173962 1 0.0985915492957746 2
"3" 0.690566276431813 1 0.11569416498994 2
"4" 0.591427334640492 1 0.0191146881287726 1
"5" 0.664203035615948 1 0.0955734406438632 2
"6" 0.640537922256849 1 0.0734406438631791 2
"7" 0.648429835058025 1 0.0372233400402414 1
"8" 0.565626053026728 1 0.0613682092555332 2
"9" 0.606501900830103 1 0.0221327967806841 1
"10" 0.598572181837043 1 0.00402414486921529 1
"11" 0.837031187033521 1 0.0905432595573441 2
"12" 0.737402769772412 1 0.085513078470825 2
"13" 0.561272171622626 1 0.0291750503018109 1
"14" 0.795320868587012 1 0.0845070422535211 2
"15" 0.705456344671725 1 0.0995975855130785 2
"16" 0.651362561266426 1 0.0462776659959759 1
"17" 0.50514420813291 1 0 1
"18" 0.71293661091047 1 0.0995975855130785 2
"19" 0.672123047840189 1 0.0402414486921529 1
"20" 0.675378661077983 1 0.0985915492957746 2
"21" 0.73056716656955 1 0.105633802816901 2
"22" 0.835560777334456 1 0.06841046277666 2
"23" 0.575173461381856 1 0.0211267605633803 1
"24" 0.651273117766434 1 0.0814889336016097 2
"25" 0.621943421904457 1 0.0241448692152917 1
"26" 0.798622391393253 1 0.104627766599598 2
"27" 0.727412444627899 1 0.101609657947686 2
"28" 0.628386280773584 1 0.0603621730382294 2
"29" 0.748979024025846 1 0.118712273641851 2
"30" 0.530320718491866 1 0.0241448692152917 1
"31" 0.703460163019306 1 0.051307847082495 2
"32" 0.605296909860859 1 0.0422535211267606 1
"33" 0.558087255764671 1 0.00100603621730382 1
"34" 0.593305779412888 1 0.0331991951710262 1
"35" 0.620384609816971 1 0.0764587525150905 2
"36" 0.609790326513805 1 0.0865191146881288 2
"37" 0.638373171027577 1 0.105633802816901 2
"38" 0.548953440930082 1 0.00301810865191147 1
"39" 0.566031381448256 1 0.0221327967806841 1
"40" 0.628260316907924 1 0.107645875251509 2
"41" 0.696120786718344 1 0.0724346076458753 2
"42" 0.534770814673637 1 0 1
"43" 0.617510588330137 1 0.0352112676056338 1
"44" 0.781070799847253 1 0.100603621730382 2
"45" 0.611352144650741 1 0.0472837022132797 1
"46" 0.532176151251822 1 0.00100603621730382 1
"47" 0.574335424186239 1 0.0734406438631791 2
"48" 0.525343686923991 1 0.00804828973843058 1
"49" 0.707589827087743 1 0.106639839034205 2
"50" 0.57766351578179 1 0.017102615694165 1
"51" 0.603208248073018 1 0.0301810865191147 1
"52" 0.724968235445502 1 0.0774647887323944 2
"53" 0.629897552053763 1 0.0754527162977867 2
"54" 0.808564925235633 1 0.132796780684105 2
"55" 0.617564685965406 1 0.0382293762575453 1
"56" 0.73314878441743 1 0.101609657947686 2
"57" 0.633100132386641 1 0.0382293762575453 1
"58" 0.705745546847654 1 0.0835010060362173 2
"59" 0.650344303567744 1 0.0533199195171026 2
"60" 0.778185674476891 1 0.10261569416499 2
"61" 0.709076218729731 1 0.0875251509054326 2
"62" 0.590489289879727 1 0.0593561368209256 2
"63" 0.538284553333749 1 0.00905432595573441 1
"64" 0.705043915994571 1 0.0704225352112676 2
"65" 0.651181479765253 1 0.0694164989939638 2
"66" 0.750472720614477 1 0.096579476861167 2
"67" 0.660047208931411 0.666666666666667 0.00201207243460765 1
"68" 0.686677431559537 1 0.116700201207243 2
"69" 0.616261644680841 1 0.0845070422535211 2
"70" 0.670215651999031 1 0.0523138832997988 1
"71" 0.667080801493576 1 0.0754527162977867 2
"72" 0.741320254927356 1 0.0935613682092555 2
"73" 0.711852553963902 1 0.0442655935613682 1
"74" 0.767802634878826 1 0.0784708249496982 2
"75" 0.565221460467746 1 0.0100603621730382 1
"76" 0.523637846290236 1 0.0764587525150905 2
"77" 0.58927572910408 1 0.0241448692152917 1
"78" 0.604240653755147 1 0.03420523138833 1
"79" 0.655524246564437 1 0.0905432595573441 2
"80" 0.566057724694802 1 0.0130784708249497 1
"81" 0.666046265668826 1 0.0845070422535211 2
"82" 0.864561436853098 0.833333333333333 0.124748490945674 2
"83" 0.640932668004118 1 0.0704225352112676 2
"84" 0.574240375071933 1 0.0543259557344064 2
"85" 0.707467772581828 1 0.0975855130784708 2
"86" 0.771106298853001 1 0.0935613682092555 2
"87" 0.736427409227411 1 0.105633802816901 2
"88" 0.662434414107314 1 0.0995975855130785 2
"89" 0.662860553013095 1 0.0774647887323944 2
"90" 0.786005612648077 1 0.0402414486921529 2
"91" 0.686954465480756 1 0.0392354124748491 1
"92" 0.742895160454981 1 0.105633802816901 2
"93" 0.590094396021904 0.833333333333333 0.0211267605633803 1
"94" 0.754824066608111 1 0.107645875251509 2
"95" 0.73777070980088 1 0.0945674044265594 2
"96" 0.642787584614599 1 0.0935613682092555 2
"97" 0.542635513734431 1 0 1
"98" 0.670351222165032 1 0.0714285714285714 2
"99" 0.731724722914748 1 0.116700201207243 2
"100" 0.668183855318696 1 0.06841046277666 2
