"dist_seassir" "TPR_seassir" "FPR_seassir" "d_seassir" "dist_seasintra" "TPR_seasintra" "FPR_seasintra" "d_seasintra" "dist_seaspfc" "TPR_seaspfc" "FPR_seaspfc" "d_seaspfc" "dist_seaspfc_f" "TPR_seaspfc_f" "FPR_seaspfc_f" "d_seaspfc_f"
"1" 0.25841760627648 1 0.00100603621730382 2 0.20758255792021 1 0.00100603621730382 2 0.214112215824967 1 0.00100603621730382 2 0.218379158468575 1 0.00100603621730382 2
"2" 0.261636627437041 1 0 2 0.239109978970178 1 0.00100603621730382 2 0.193046124377847 1 0.00100603621730382 2 0.194885823893678 1 0.00100603621730382 2
"3" 0.280092398615017 1 0 2 0.286441218312151 1 0 2 0.250999395872048 1 0 2 0.242809883675761 1 0 2
"4" 0.382081576463367 1 0.0191146881287726 2 0.41042327607772 1 0.00603621730382294 2 0.320335465818022 1 0.00100603621730382 2 0.310584476506246 1 0.00100603621730382 2
"5" 0.373667041247484 1 0 2 0.337438451600003 1 0.00100603621730382 2 0.365519318413897 1 0.00100603621730382 2 0.351303142915321 1 0.00100603621730382 2
"6" 0.370064305820652 1 0.0291750503018109 2 0.322208119175998 1 0.00402414486921529 2 0.386082622321559 1 0.00301810865191147 2 0.392988412224402 1 0.00301810865191147 2
"7" 0.196288950357965 1 0.0191146881287726 2 0.275603336772683 1 0.00804828973843058 2 0.271872913275867 1 0.00100603621730382 2 0.260786001099961 1 0.00100603621730382 2
"8" 0.379652216594884 1 0.00100603621730382 2 0.348464570702786 1 0 2 0.293721584361148 1 0 2 0.310105258587198 1 0 2
"9" 0.369853349105165 1 0.0321931589537223 2 0.369329430661881 1 0.00704225352112676 2 0.327255624658078 1 0.00201207243460765 2 0.336572552410948 1 0.00201207243460765 2
"10" 0.589830260024281 1 0 3 0.629773277187863 1 0.00201207243460765 3 0.523052635271724 1 0 1 0.399290962527822 1 0.00100603621730382 2
"11" 0.517461154203379 1 0.00100603621730382 1 0.327260962838643 1 0.00100603621730382 2 0.335501324450833 1 0.00100603621730382 2 0.516312516582895 1 0.00100603621730382 1
"12" 0.34126858888985 1 0.00301810865191147 2 0.312113310278674 1 0.00201207243460765 2 0.294788075809437 1 0 2 0.307696138671247 1 0 2
"13" 0.344156625594125 1 0.0392354124748491 2 0.320032916880146 1 0.00100603621730382 2 0.314864009199069 1 0.00201207243460765 2 0.31664688113958 1 0.00201207243460765 2
"14" 0.514665818384796 1 0 3 0.198233426379992 1 0 2 0.216349354286611 1 0 2 0.217494571690657 1 0 2
"15" 0.298571372209216 1 0 2 0.297063228227415 1 0 2 0.28851358809384 1 0 2 0.287169475454966 1 0 2
"16" 0.513804356637234 1 0 3 0.5155709111552 1 0 3 0.254648589388278 1 0.00100603621730382 2 0.25522717132814 1 0.00100603621730382 2
"17" 0.464598060442798 1 0.0352112676056338 2 0.421021828034513 1 0.00402414486921529 2 0.379950997740701 1 0.00201207243460765 2 0.373303931746754 1 0.00100603621730382 2
"18" 0.253343375174508 1 0.00100603621730382 2 0.590162746887831 1 0 3 0.270196657606585 1 0.00100603621730382 2 0.243121550589081 1 0.00100603621730382 2
"19" 0.519041780844953 1 0.00201207243460765 1 0.517394342420165 1 0.00301810865191147 1 0.519032576866599 1 0.00201207243460765 1 0.519414578916361 1 0.00201207243460765 1
"20" 0.389142964941813 1 0.00100603621730382 2 0.304816821994183 1 0.00100603621730382 2 0.297013871837767 1 0.00100603621730382 2 0.306346706175017 1 0.00100603621730382 2
"21" 0.268035741356424 1 0.00100603621730382 2 0.295606621710236 1 0.00201207243460765 2 0.28725232170262 1 0.00100603621730382 2 0.247073231629144 1 0.00100603621730382 2
"22" 0.363402116193434 1 0 2 0.344570068488919 1 0 2 0.317947181776959 1 0 2 0.305104473387618 1 0 2
"23" 0.286635617763974 1 0.00100603621730382 2 0.247986040936628 1 0.00201207243460765 2 0.271490539545301 1 0.00201207243460765 2 0.302978740022995 1 0.00201207243460765 2
"24" 0.310674812987587 1 0.0110663983903421 2 0.303687981303034 1 0.00402414486921529 2 0.292792304837086 1 0 2 0.276593002089091 1 0 2
"25" 0.351283794426463 1 0.00603621730382294 2 0.417604971091988 1 0.00100603621730382 2 0.364524235909076 1 0.00100603621730382 2 0.333358573700587 1 0 2
"26" 0.410533819253292 1 0.00100603621730382 2 0.367613793803601 1 0.00100603621730382 2 0.317421081640578 1 0.00100603621730382 2 0.340770433783443 1 0.00100603621730382 2
"27" 0.314577094445694 1 0.00100603621730382 2 0.325105372414497 1 0.00603621730382294 2 0.283070554713935 1 0.00100603621730382 2 0.284186510171458 1 0.00100603621730382 2
"28" 0.351159686650748 1 0.00804828973843058 2 0.368821586052132 1 0.00100603621730382 2 0.378446510735189 1 0.00100603621730382 2 0.361045553440422 1 0.00201207243460765 2
"29" 0.382077572904782 1 0.0271629778672032 2 0.334902359083934 1 0.00100603621730382 2 0.324019809163563 1 0.00100603621730382 2 0.345174699397813 1 0.00100603621730382 2
"30" 0.626580735191846 1 0 3 0.61013707977435 1 0 3 0.334098445738234 1 0 2 0.329122679321863 1 0 2
"31" 0.23324297482223 1 0 2 0.233074164418326 1 0.00503018108651911 2 0.244130668003943 1 0 2 0.242008934394091 1 0 2
"32" 0.720213779350649 1 0.00100603621730382 4 0.351100848246423 1 0.00201207243460765 2 0.506591965077908 1 0 1 0.50659586369444 1 0 1
"33" 0.719062234184467 1 0 4 0.232043703592004 1 0.00100603621730382 2 0.231373330698679 1 0 2 0.228207757986393 1 0 2
"34" 0.332011662850544 1 0.0301810865191147 2 0.337889713602312 1 0.00704225352112676 2 0.308985982415024 1 0.00301810865191147 2 0.313791924535423 1 0.00301810865191147 2
"35" 0.333686736912515 1 0.00100603621730382 2 0.290769672839931 1 0.00100603621730382 2 0.261509132353516 1 0.00100603621730382 2 0.284285057776826 1 0.00100603621730382 2
"36" 0.341018846717048 1 0 2 0.306996072406896 1 0 2 0.303604896164457 1 0 2 0.306216826654546 1 0 2
"37" 0.757830825189832 1 0.00100603621730382 4 0.381369018011893 1 0.00100603621730382 2 0.360055468552415 1 0.00100603621730382 2 0.350790830308154 1 0.00100603621730382 2
"38" 0.219196726745889 1 0 2 0.267546749544799 1 0.00603621730382294 2 0.187003760025513 1 0 2 0.175405214007608 1 0 2
"39" 0.738384229920136 1 0.00100603621730382 4 0.276694241285025 1 0.00301810865191147 2 0.242546098703405 1 0.00100603621730382 2 0.257671301338848 1 0.00100603621730382 2
"40" 0.279574887743219 1 0.00100603621730382 2 0.252516454217192 1 0.00100603621730382 2 0.223179482546113 1 0.00100603621730382 2 0.24176648648523 1 0.00100603621730382 2
"41" 0.302560408552958 1 0.0100603621730382 2 0.32934936814667 1 0.00402414486921529 2 0.306721282972253 1 0.00201207243460765 2 0.260746829686745 1 0.00100603621730382 2
"42" 0.316820119947483 1 0.0120724346076459 2 0.308089525841663 1 0.00100603621730382 2 0.279281547978026 1 0.00100603621730382 2 0.287052215708011 1 0.00100603621730382 2
"43" 0.417673292629048 1 0.00100603621730382 2 0.516984839111686 1 0.00201207243460765 1 0.513890018511503 1 0.00100603621730382 1 0.513493552215335 1 0.00100603621730382 1
"44" 0.606442255758857 1 0.00100603621730382 3 0.368730519586245 1 0.00100603621730382 2 0.381225410524171 1 0.00100603621730382 2 0.369052220571774 1 0.00100603621730382 2
"45" 0.240804441766052 1 0.00100603621730382 2 0.263716706039722 1 0 2 0.252674034477113 1 0 2 0.230484276296406 1 0 2
"46" 0.745585036912291 1 0 4 0.573082578732906 1 0 3 0.270258325912471 1 0 2 0.276178925839549 1 0 2
"47" 0.414761431785871 1 0.0110663983903421 2 0.414670104282512 1 0.00100603621730382 2 0.411438910036351 1 0.00100603621730382 2 0.415362491613167 1 0.00201207243460765 2
"48" 0.40908268648093 1 0.00100603621730382 2 0.42997980970459 1 0.00704225352112676 2 0.391671369681739 1 0.00201207243460765 2 0.373992584498555 1 0.00201207243460765 2
"49" 0.635595546738002 1 0.00100603621730382 3 0.627807770561151 1 0.00100603621730382 3 0.410529520267529 1 0.00100603621730382 2 0.442554393582786 1 0.00201207243460765 2
"50" 0.247112174438352 1 0 2 0.225932852935062 1 0.00603621730382294 2 0.21377453735063 1 0 2 0.219455712158032 1 0.00100603621730382 2
"51" 0.320928055418194 1 0 2 0.322577938172726 1 0 2 0.299838108404325 1 0 2 0.283229925668758 1 0 2
"52" 0.371440097215941 1 0.0291750503018109 2 0.335233874768623 1 0.00402414486921529 2 0.280747018430786 1 0.00100603621730382 2 0.283818350594435 1 0.00100603621730382 2
"53" 0.245038706415369 1 0.00100603621730382 2 0.226835113265813 1 0.00100603621730382 2 0.251824729590685 1 0.00100603621730382 2 0.250028593623165 1 0.00100603621730382 2
"54" 0.2953143157139 1 0.03420523138833 2 0.245090871593577 1 0.00301810865191147 2 0.284475137960219 1 0.00201207243460765 2 0.305162672637952 1 0.00201207243460765 2
"55" 0.397832592569602 1 0.00100603621730382 2 0.349776721589236 1 0.00100603621730382 2 0.375113128554868 1 0.00100603621730382 2 0.397377214332689 1 0.00100603621730382 2
"56" 0.373782058230905 1 0 2 0.339340007648008 1 0 2 0.287253106721069 1 0.00100603621730382 2 0.301470254940063 1 0.00100603621730382 2
"57" 0.350680541995859 1 0.00402414486921529 2 0.346892152469395 1 0.00100603621730382 2 0.301660431162288 1 0.00100603621730382 2 0.285423542974046 1 0.00100603621730382 2
"58" 0.297391214882736 1 0.00100603621730382 2 0.377209047988907 1 0.00905432595573441 2 0.306581780063418 1 0.00201207243460765 2 0.293030983359888 1 0.00201207243460765 2
"59" 0.318626185647004 1 0.0261569416498994 2 0.310675421082025 1 0.00804828973843058 2 0.31088069150114 1 0.00201207243460765 2 0.316739740043706 1 0.00201207243460765 2
"60" 0.244885281263307 1 0.00100603621730382 2 0.227517712131298 1 0.00201207243460765 2 0.228600982217107 1 0.00100603621730382 2 0.229471705591492 1 0.00100603621730382 2
"61" 0.335270305921515 1 0.00201207243460765 2 0.29741184424491 1 0.00201207243460765 2 0.267301506079797 1 0.00100603621730382 2 0.278496952906744 1 0.00100603621730382 2
"62" 0.343552232235816 1 0.00100603621730382 2 0.350371439437929 1 0 2 0.327327493016199 1 0.00100603621730382 2 0.309748429423675 1 0.00100603621730382 2
"63" 0.557624195802492 1 0 3 0.314610879810949 1 0.00301810865191147 2 0.283145330011163 1 0.00100603621730382 2 0.276575674252323 1 0.00100603621730382 2
"64" 0.529107637510754 1 0.00100603621730382 3 0.310616767866557 1 0.00503018108651911 2 0.2306762403396 1 0.00100603621730382 2 0.2249660081845 1 0.00100603621730382 2
"65" 0.354213705965904 1 0 2 0.5138686248503 1 0.00100603621730382 1 0.319213952652912 1 0 2 0.326439067366636 1 0 2
"66" 0.321463054065517 1 0.00100603621730382 2 0.329616283555161 1 0.00100603621730382 2 0.327463205019289 1 0.00100603621730382 2 0.330254439555682 1 0.00100603621730382 2
"67" 0.357653389993014 1 0 2 0.356577015335497 1 0.00100603621730382 2 0.318990315956639 1 0.00100603621730382 2 0.30960366271525 1 0.00100603621730382 2
"68" 0.411368285462594 1 0 2 0.375440073786659 1 0 2 0.35104826367425 1 0 2 0.369945122840966 1 0 2
"69" 0.562577273289121 1 0 3 0.383515884519289 1 0.00100603621730382 2 0.327435989398117 1 0.00100603621730382 2 0.329401395680662 1 0.00100603621730382 2
"70" 0.73165049531434 1 0 4 0.391299085116729 1 0 2 0.369498857966403 1 0 2 0.334506713571831 1 0 2
"71" 0.681700580489049 1 0.00100603621730382 3 0.480530729941111 1 0.00100603621730382 2 0.461108845177345 1 0.00201207243460765 2 0.46715119376071 1 0.00201207243460765 2
"72" 0.325582006784819 1 0.00100603621730382 2 0.280070699311745 1 0.00804828973843058 2 0.306509994752998 1 0.00201207243460765 2 0.310057246784082 1 0.00201207243460765 2
"73" 0.277822566347658 1 0.0100603621730382 2 0.234577407422297 1 0 2 0.24569137492252 1 0 2 0.260965859654728 1 0 2
"74" 0.406210166976718 1 0.00100603621730382 2 0.373990194618174 1 0.00905432595573441 2 0.37853096510208 1 0.00100603621730382 2 0.383259678021388 1 0.00100603621730382 2
"75" 0.25176113133273 1 0.00100603621730382 2 0.25558310271894 1 0 2 0.253806410522917 1 0.00100603621730382 2 0.251628977056827 1 0.00100603621730382 2
"76" 0.212100276421947 1 0.00100603621730382 2 0.207944606745905 1 0 2 0.207000969245115 1 0.00100603621730382 2 0.209122185055258 1 0.00100603621730382 2
"77" 0.321854041986405 1 0.00704225352112676 2 0.567435109559714 1 0.00301810865191147 3 0.310235054812096 1 0.00100603621730382 2 0.313775211000113 1 0.00100603621730382 2
"78" 0.509481322852044 0.833333333333333 0 2 0.27656840875973 1 0 2 0.478197556058656 1 0 2 0.469221337988994 1 0 2
"79" 0.399850182107956 1 0 2 0.415624583416224 1 0 2 0.371387618137306 1 0 2 0.363244410296252 1 0 2
"80" 0.355175994202295 1 0 2 0.354400549363545 1 0.00100603621730382 2 0.340495646609813 1 0 2 0.332412538627329 1 0 2
"81" 0.259946436869339 1 0.0321931589537223 2 0.267294670220192 1 0.0120724346076459 2 0.264760194441571 1 0.00201207243460765 2 0.262926933961776 1 0.00201207243460765 2
"82" 0.273142583160138 1 0.00100603621730382 2 0.308103596395196 1 0.0130784708249497 2 0.304188289766366 1 0.00100603621730382 2 0.307145035693562 1 0.00100603621730382 2
"83" 0.331069910543108 1 0.00100603621730382 2 0.378917136916044 1 0.00704225352112676 2 0.332318614918073 1 0.00100603621730382 2 0.341014897822383 1 0.00100603621730382 2
"84" 0.382892890801662 1 0.0352112676056338 2 0.369734688987425 1 0.00804828973843058 2 0.374770036917611 1 0 2 0.515005354772947 1 0.00201207243460765 1
"85" 0.747010407476166 1 0 4 0.562477442105107 1 0.00603621730382294 3 0.270307306076805 1 0.00100603621730382 2 0.255419682025396 1 0.00100603621730382 2
"86" 0.575860589371503 1 0.00100603621730382 3 0.319170741526747 1 0.00100603621730382 2 0.355925066961817 1 0.00100603621730382 2 0.331080747078532 1 0.00100603621730382 2
"87" 0.430248407643617 1 0.00100603621730382 2 0.433619146558418 1 0.00100603621730382 2 0.469941660967414 1 0.00100603621730382 2 0.420945687701261 1 0.00100603621730382 2
"88" 0.346783430786761 1 0.00100603621730382 2 0.348375615702861 1 0.00201207243460765 2 0.380573698903023 1 0.00301810865191147 2 0.371759216821035 1 0.00301810865191147 2
"89" 0.303317499888332 1 0 2 0.252603727410018 1 0 2 0.211048523870883 1 0 2 0.227866951434322 1 0 2
"90" 0.569277889889046 1 0 3 0.574133779503354 1 0 3 0.348713646407534 1 0.00100603621730382 2 0.340737409835519 1 0.00100603621730382 2
"91" 0.352617290631704 1 0.00905432595573441 2 0.521070897615122 1 0.00100603621730382 1 0.518393381078179 1 0.00100603621730382 1 0.518296864070309 1 0.00100603621730382 1
"92" 0.234399313175511 1 0.00100603621730382 2 0.250342969765142 1 0.00100603621730382 2 0.271511857408736 1 0.00100603621730382 2 0.262412602260896 1 0.00100603621730382 2
"93" 0.316206790106115 1 0.00100603621730382 2 0.236615026674471 1 0.00503018108651911 2 0.213978224081938 1 0.00100603621730382 2 0.236199084613515 1 0.00100603621730382 2
"94" 0.364528584030493 1 0.00100603621730382 2 0.357777135621264 1 0.00201207243460765 2 0.34789252336908 1 0.00201207243460765 2 0.348560354205831 1 0.00201207243460765 2
"95" 0.366615332661824 1 0.0110663983903421 2 0.314063982394028 1 0 2 0.355960061248111 1 0.00100603621730382 2 0.347951466436119 1 0.00100603621730382 2
"96" 0.38690761801546 1 0 2 0.345794513851525 1 0 2 0.484940599468305 1 0 2 0.357441245230315 1 0 2
"97" 0.727204635286857 1 0 4 0.393698163914509 1 0.00603621730382294 2 0.346661783426453 1 0.00201207243460765 2 0.346820869706644 1 0.00201207243460765 2
"98" 0.262249804378684 1 0 2 0.246403512645843 1 0 2 0.257201365952443 1 0 2 0.25584871465842 1 0.00100603621730382 2
"99" 0.225612607050923 1 0.00100603621730382 2 0.263053941845356 1 0.00603621730382294 2 0.185390556384147 1 0.00100603621730382 2 0.184875762978393 1 0.00100603621730382 2
"100" 0.329661405072609 1 0.0110663983903421 2 0.268258651682937 1 0 2 0.25853848727583 1 0 2 0.269052227460874 1 0 2
