"dist_lassosir" "TPR_lassosir" "FPR_lassosir" "d_lassosir"
"1" 0.865063792056797 1 0.109657947686117 2
"2" 0.782701754119264 1 0.0835010060362173 2
"3" 0.686870063465063 1 0.0382293762575453 1
"4" 0.722538637405623 1 0.0955734406438632 2
"5" 0.780413517096426 1 0.0915492957746479 2
"6" 0.65584910825341 1 0.017102615694165 1
"7" 0.771081168838213 1 0.0895372233400402 2
"8" 0.549429128984608 1 0.00301810865191147 1
"9" 0.778306958659402 1 0.0392354124748491 2
"10" 0.768984293018236 1 0.111670020120724 2
"11" 0.585229491603914 1 0 1
"12" 0.728450105545608 1 0.0824949698189135 2
"13" 0.651697845877069 0.833333333333333 0.0110663983903421 1
"14" 0.574566434647919 1 0.00503018108651911 1
"15" 0.767344826076058 1 0.0985915492957746 2
"16" 0.74800457395727 1 0.0804828973843058 2
"17" 0.795556587244383 1 0.103621730382294 2
"18" 0.745333041408766 0.833333333333333 0.0925553319919517 2
"19" 0.849854031375078 1 0.0462776659959759 2
"20" 0.580492058804721 0.833333333333333 0.00201207243460765 1
"21" 0.568819895463038 1 0.00201207243460765 1
"22" 0.593546617747581 1 0.00100603621730382 1
"23" 0.73670912294467 1 0.0824949698189135 2
"24" 0.769368973848525 1 0.0824949698189135 2
"25" 0.716559846604091 1 0.106639839034205 2
"26" 0.606377777779065 1 0.0150905432595573 1
"27" 0.765956798320305 0.833333333333333 0.0905432595573441 2
"28" 0.754683886779596 1 0.10261569416499 2
"29" 0.771532380528516 1 0.106639839034205 2
"30" 0.632017864566201 1 0 1
"31" 0.611712867529215 1 0.0191146881287726 1
"32" 0.637946535250222 1 0.0181086519114688 1
"33" 0.829722022126952 1 0.0955734406438632 2
"34" 0.746420430878122 1 0.109657947686117 2
"35" 0.64958828190534 1 0.00100603621730382 1
"36" 0.775935279874963 1 0.107645875251509 2
"37" 0.775890489079949 1 0.0975855130784708 2
"38" 0.769914727581852 1 0.101609657947686 2
"39" 0.530949568089573 1 0 1
"40" 0.571695124544872 1 0 1
"41" 0.776555867769481 1 0.0774647887323944 2
"42" 0.829133218702936 1 0.0895372233400402 2
"43" 0.54857561056385 1 0 1
"44" 0.744318727428274 0.833333333333333 0.096579476861167 2
"45" 0.614874312152719 1 0.0150905432595573 1
"46" 0.534699981827918 1 0 1
"47" 0.581433511603289 1 0.00804828973843058 1
"48" 0.735181539728958 1 0.0824949698189135 2
"49" 0.571029448814943 0.833333333333333 0.00402414486921529 1
"50" 0.554237200330149 1 0.00503018108651911 1
"51" 0.691996173605775 1 0.0301810865191147 1
"52" 0.530994895625038 1 0.00704225352112676 1
"53" 0.611030554753917 1 0.00100603621730382 1
"54" 0.787608862830087 1 0.110663983903421 2
"55" 0.580497828333236 1 0.00201207243460765 1
"56" 0.561676227584163 1 0.00603621730382294 1
"57" 0.809618736366625 1 0.0845070422535211 2
"58" 0.842292230741406 1 0.101609657947686 2
"59" 0.559450301040578 1 0.0130784708249497 1
"60" 0.55632007490092 1 0.00804828973843058 1
"61" 0.76049622485962 1 0.0995975855130785 2
"62" 0.705114756895804 1 0.0251509054325956 1
"63" 0.734881269168027 1 0.0915492957746479 2
"64" 0.816625313789519 0.833333333333333 0.103621730382294 2
"65" 0.643914712146924 1 0.0211267605633803 1
"66" 0.792963011018689 1 0.0955734406438632 2
"67" 0.780864464207426 1 0.0835010060362173 2
"68" 0.789288037815408 1 0.0945674044265594 2
"69" 0.518653251836188 1 0.00402414486921529 1
"70" 0.62324206234147 1 0.00402414486921529 1
"71" 0.822236315319903 1 0.045271629778672 2
"72" 0.531762688878572 1 0.00704225352112676 1
"73" 0.83361995020894 1 0.0925553319919517 2
"74" 0.567824656694342 1 0.00301810865191147 1
"75" 0.759374037476276 1 0.0774647887323944 2
"76" 0.611498787222305 1 0.0150905432595573 1
"77" 0.785078818792224 0.833333333333333 0.062374245472837 2
"78" 0.654086243016819 0.833333333333333 0.00603621730382294 1
"79" 0.735681817738323 1 0.0955734406438632 2
"80" 0.753092924272631 1 0.100603621730382 2
"81" 0.829334906881735 1 0.107645875251509 2
"82" 0.781475962421106 1 0.0875251509054326 2
"83" 0.605563100829481 1 0.0110663983903421 1
"84" 0.596661340468767 1 0.00201207243460765 1
"85" 0.816160035872441 1 0.079476861167002 2
"86" 0.573181640457989 1 0.00905432595573441 1
"87" 0.627458601678544 1 0.0130784708249497 1
"88" 0.786276878475604 1 0.0895372233400402 2
"89" 0.76371841326868 1 0.0674044265593561 2
"90" 0.598223094227818 1 0.0150905432595573 1
"91" 0.710298875970245 1 0.0895372233400402 2
"92" 0.561462482732678 1 0.00402414486921529 1
"93" 0.571572822618163 1 0.0100603621730382 1
"94" 0.758429073913922 1 0.113682092555332 2
"95" 0.800780628663954 1 0.0875251509054326 2
"96" 0.535954375884486 1 0 1
"97" 0.601423944932806 1 0.00301810865191147 1
"98" 0.74994843397294 1 0.0915492957746479 2
"99" 0.594680808444389 1 0.00301810865191147 1
"100" 0.752825460274435 1 0.0814889336016097 2
