"dist_seassir" "TPR_seassir" "FPR_seassir" "d_seassir" "dist_seasintra" "TPR_seasintra" "FPR_seasintra" "d_seasintra" "dist_seaspfc" "TPR_seaspfc" "FPR_seaspfc" "d_seaspfc" "dist_lasso" "TPR_lasso" "FPR_lasso" "d_lasso"
"1" 0.471186103408159 0.9 0.0171717171717172 1 0.424322951492886 0.9 0.00101010101010101 1 0.407864078497503 1 0.00404040404040404 1 0.486884738752285 0.9 0 1
"2" 0.393645105088983 0.9 0.0181818181818182 1 0.363015542906253 0.9 0.00303030303030303 1 0.388031878721634 0.9 0.00505050505050505 1 0.497702195270416 0.9 0.00808080808080808 1
"3" 0.345602890582526 0.9 0.00909090909090909 1 0.272242765187999 1 0.00808080808080808 1 0.263085497203687 1 0.0101010101010101 1 0.395401282796457 0.9 0.00202020202020202 1
"4" 0.394806197630607 1 0.00808080808080808 1 0.359624232160915 1 0.0121212121212121 1 0.340959464305978 1 0.0262626262626263 1 0.402573211954848 0.9 0.00101010101010101 1
"5" 0.475252691451393 1 0.0191919191919192 1 0.513514094645114 1 0.00202020202020202 1 0.484668357483064 1 0.00404040404040404 1 0.628355071921421 0.9 0 1
"6" 0.327314811143441 1 0.0101010101010101 1 0.357405161392833 1 0.0101010101010101 1 0.403015237143186 1 0.0151515151515152 1 0.552303385909428 0.9 0.00101010101010101 1
"7" 0.459786438105417 1 0.0343434343434343 1 0.401017365265385 1 0.0131313131313131 1 0.321623526112417 1 0.00909090909090909 1 0.383571689803562 1 0 1
"8" 0.323413151551694 1 0.0323232323232323 1 0.367431982832091 1 0.0101010101010101 1 0.384332509038623 1 0.00303030303030303 1 0.509764320772467 1 0.00101010101010101 1
"9" 0.660330875603546 0.7 0.00101010101010101 1 0.528395251491226 0.9 0.0121212121212121 1 0.48965546091894 0.9 0.0131313131313131 1 0.503474864837455 0.8 0.00202020202020202 1
"10" 0.630238778726222 0.8 0.0101010101010101 1 0.592187651522945 0.9 0.0272727272727273 1 0.487380586527433 1 0.0161616161616162 1 0.61249490008255 0.8 0 1
"11" 0.533492242965668 0.7 0.0121212121212121 1 0.547389751700251 0.8 0.0161616161616162 1 0.53771400206355 0.9 0.0121212121212121 1 0.580564407351265 0.7 0 1
"12" 0.415544722082987 1 0.0151515151515152 1 0.399062449586526 1 0.0363636363636364 1 0.367187427242065 1 0.0101010101010101 1 0.402854386280326 0.9 0.00202020202020202 1
"13" 0.355050377390581 1 0.0292929292929293 1 0.401452983488206 1 0.0464646464646465 1 0.331724100275017 1 0.0121212121212121 1 0.408773725525202 0.9 0.00303030303030303 1
"14" 0.400223551206827 0.9 0.0191919191919192 1 0.379390133546927 1 0.00303030303030303 1 0.380142152048805 1 0.0111111111111111 1 0.383279349462903 1 0.00101010101010101 1
"15" 0.479643747239608 1 0.00505050505050505 1 0.53096636168619 1 0.0464646464646465 1 0.409210560933015 1 0.00707070707070707 1 0.470567832792965 0.8 0.00202020202020202 1
"16" 0.554802833304847 0.8 0.0141414141414141 1 0.528093830780742 0.9 0.0222222222222222 1 0.511282523145914 1 0.0313131313131313 1 0.474895886400388 1 0.00909090909090909 1
"17" 0.327236142096895 1 0.0222222222222222 1 0.327462219870075 1 0.0131313131313131 1 0.353578967689189 1 0.0101010101010101 1 0.478799794530142 0.9 0.00303030303030303 1
"18" 0.434463367989165 1 0.00303030303030303 1 0.421185090180056 1 0.0252525252525253 1 0.37417120276879 1 0.0171717171717172 1 0.350778231042719 0.9 0.00202020202020202 1
"19" 0.392137189077444 0.9 0.00101010101010101 1 0.368702538392872 1 0.00404040404040404 1 0.359323597179549 1 0.0111111111111111 1 0.611633974345705 0.9 0 1
"20" 0.509782943436488 1 0.00303030303030303 1 0.425652007094126 1 0.0131313131313131 1 0.356503152408391 1 0.00505050505050505 1 0.315759159170506 1 0.00505050505050505 1
"21" 0.543164105385326 0.9 0.0111111111111111 1 0.496139251017364 0.9 0.00909090909090909 1 0.499929012867569 0.8 0.00101010101010101 1 0.475167055858484 0.9 0.00101010101010101 1
"22" 0.378646361126329 0.9 0.00303030303030303 1 0.369502505827275 0.9 0.00505050505050505 1 0.338632624743294 0.9 0.00808080808080808 1 0.364282561232127 0.9 0.0121212121212121 1
"23" 0.795171109460006 1 0.0111111111111111 2 0.348723322831491 1 0.0111111111111111 1 0.308417821556743 1 0.00505050505050505 1 0.332135622547786 1 0.00202020202020202 1
"24" 0.444615393965335 1 0.00909090909090909 1 0.406631689006522 1 0.0121212121212121 1 0.386742054030308 0.9 0.00303030303030303 1 0.395105216058305 0.9 0.00404040404040404 1
"25" 0.478389394543766 1 0.0111111111111111 1 0.434026497112301 1 0.0292929292929293 1 0.390629333072375 1 0.0111111111111111 1 0.631450929871294 0.9 0 1
"110" 0.442176847349456 1 0.00404040404040404 1 0.421100462534491 1 0.00202020202020202 1 0.435406439374587 1 0.00101010101010101 1 0.606229896118631 1 0.00101010101010101 1
"26" 0.380461536841544 0.9 0.0111111111111111 1 0.405710998919052 1 0.0323232323232323 1 0.387596590240972 1 0.0323232323232323 1 0.413407952365567 0.9 0.00101010101010101 1
"31" 0.61070278604239 0.8 0.00404040404040404 1 0.511030220089026 0.9 0.00505050505050505 1 0.491151988764401 0.9 0.00909090909090909 1 0.544098724980452 0.7 0.00101010101010101 1
"41" 0.502050408922402 0.8 0.00303030303030303 1 0.517187805181074 0.8 0.00101010101010101 1 0.475534552042598 0.8 0.00202020202020202 1 0.490942969360959 0.8 0.00101010101010101 1
"51" 0.42657110105225 1 0.0141414141414141 1 0.380264184118421 1 0.0161616161616162 1 0.332653166883857 1 0.0222222222222222 1 0.422490696744148 1 0.00909090909090909 1
"61" 0.238277209945121 1 0.00101010101010101 1 0.164108233955442 1 0.00606060606060606 1 0.243957381280665 1 0 1 0.53548229762275 0.9 0.00202020202020202 1
"71" 0.458923493972301 1 0.0343434343434343 1 0.794734341756027 1 0.0353535353535354 2 0.375696461491705 1 0.0272727272727273 1 0.482774009564349 1 0.00808080808080808 1
"81" 0.398531744426053 1 0.0323232323232323 1 0.40213328185285 1 0.0333333333333333 1 0.402435991086876 1 0.0151515151515152 1 0.402855699488503 0.9 0.0131313131313131 1
"91" 0.39278454057544 0.9 0.0141414141414141 1 0.364300467073332 0.9 0 1 0.403581386720818 0.9 0 1 0.486117999083522 0.9 0 1
"101" 0.459203443954221 0.9 0.0151515151515152 1 0.480547862820633 0.9 0.00505050505050505 1 0.515137245037048 0.9 0.00101010101010101 1 0.410659589799602 0.9 0 1
"111" 0.489865938670171 0.9 0.0454545454545455 1 0.426783933352694 0.9 0.0101010101010101 1 0.43418606365924 1 0.00707070707070707 1 0.551639005636962 0.9 0.0171717171717172 1
"121" 0.569856053259718 0.9 0.0151515151515152 1 0.498392183851813 1 0.0313131313131313 1 0.477859519851082 1 0.0181818181818182 1 0.690275930189716 0.6 0.00202020202020202 1
"131" 0.420934319769234 0.9 0.0272727272727273 1 0.412625692222544 0.9 0.0303030303030303 1 0.409903319206651 1 0.00404040404040404 1 0.548696109463379 1 0 1
"141" 0.392723843482174 1 0.0101010101010101 1 0.310031675547284 1 0.0212121212121212 1 0.293049608780708 1 0.00101010101010101 1 0.507428729095668 0.9 0 1
"151" 0.408643944904218 1 0.0252525252525253 1 0.411176906331154 1 0.00909090909090909 1 0.403058696041965 1 0.00909090909090909 1 0.430698868855184 0.9 0 1
"161" 0.610985075465906 0.9 0.00303030303030303 1 0.533307834484866 0.9 0.0111111111111111 1 0.511425497839678 0.9 0.0101010101010101 1 0.590468963897755 0.9 0.00404040404040404 1
"171" 0.431357628527637 1 0.0141414141414141 1 0.36334989479311 1 0.00606060606060606 1 0.348156241735065 1 0.00303030303030303 1 0.456243220293392 0.9 0.00303030303030303 1
"181" 0.526724931546382 0.9 0.00303030303030303 1 0.486231344381234 0.9 0.0282828282828283 1 0.462360592620848 0.9 0.00606060606060606 1 0.71530389671904 0.8 0 1
"191" 0.4687309779019 1 0.0151515151515152 1 0.464707214516593 1 0.00808080808080808 1 0.459856674561856 1 0.00505050505050505 1 0.489634086638841 0.9 0.00101010101010101 1
"201" 0.612197767507349 0.6 0.00404040404040404 1 0.536069266249388 0.9 0.0242424242424242 1 0.509075521191986 0.9 0.0111111111111111 1 0.630922267048603 0.7 0 1
"211" 0.435513667037883 1 0.0242424242424242 1 0.386939315840851 1 0.0252525252525253 1 0.402624000108159 1 0.0121212121212121 1 0.593789736437221 0.8 0 1
"221" 0.165865650132424 1 0.00606060606060606 1 0.203696899048228 1 0.00101010101010101 1 0.274088096308243 1 0 1 0.268825492790731 1 0.00101010101010101 1
"231" 1.51694342810795 0 0 0 0.466697158976876 0.8 0.0171717171717172 1 0.464900920657857 0.8 0.00707070707070707 1 0.57023262536646 0.7 0.00101010101010101 1
"241" 0.443532780541577 1 0.00202020202020202 1 0.388936775678462 1 0.0181818181818182 1 0.440977405756393 1 0.00202020202020202 1 0.601665248809044 0.7 0.00101010101010101 1
"251" 0.661794771873754 0.7 0 1 0.519896767371242 1 0.0252525252525253 1 0.559696385914561 1 0.00909090909090909 1 0.654425900536009 0.8 0.00404040404040404 1
"112" 0.555170444465777 1 0.00202020202020202 1 0.46346303498217 1 0.0323232323232323 1 0.45492095674606 1 0.00606060606060606 1 0.526372251248609 0.9 0.00303030303030303 1
"27" 0.44966239498508 1 0 1 0.387778148615827 1 0.00202020202020202 1 0.388048506790747 1 0.00404040404040404 1 0.557400575139628 0.9 0 1
"32" 0.585159317827489 0.9 0.0292929292929293 1 0.528467316694149 0.9 0.0141414141414141 1 0.452183442199948 0.9 0.00303030303030303 1 0.435982233145095 0.9 0.00202020202020202 1
"42" 0.630147607708003 0.8 0.00606060606060606 1 0.615577112318529 0.7 0.00505050505050505 1 0.542712035949252 0.9 0.0101010101010101 1 0.458401563384527 0.9 0.00101010101010101 1
"52" 0.371951971468532 1 0.00606060606060606 1 0.355667385538001 1 0.0121212121212121 1 0.347586187023974 1 0.0131313131313131 1 0.478028117892725 0.9 0 1
"62" 0.444112493793015 0.9 0.0333333333333333 1 0.42369793611718 0.9 0.0292929292929293 1 0.401362275234303 0.9 0.0121212121212121 1 0.520292886944374 0.9 0 1
"72" 0.517693994444059 0.7 0.00303030303030303 1 0.525642729691538 0.7 0.00101010101010101 1 0.477338864549681 0.9 0.00303030303030303 1 0.560276472481537 0.8 0.00101010101010101 1
"82" 0.340403851237672 1 0.0303030303030303 1 0.417107173456014 1 0.00707070707070707 1 0.403513942296167 1 0.00404040404040404 1 0.485835557035657 1 0.0111111111111111 1
"92" 0.457084180761253 0.9 0.0232323232323232 1 0.397650808085306 0.9 0.0212121212121212 1 0.397086622580128 0.9 0.00101010101010101 1 0.430166117047828 0.9 0.00101010101010101 1
"102" 0.387559042696758 1 0.00909090909090909 1 0.34421467132849 1 0.00909090909090909 1 0.324238718294659 1 0.00707070707070707 1 0.367042733340962 0.9 0.00202020202020202 1
"113" 0.42461163908736 1 0.00707070707070707 1 0.465974649165179 1 0.0181818181818182 1 0.496580894363438 1 0.0131313131313131 1 0.52449730535291 1 0.00202020202020202 1
"122" 0.45991821741773 1 0.0151515151515152 1 0.483837639438887 0.9 0.0111111111111111 1 0.483709260031236 0.9 0.00606060606060606 1 0.559622668015233 0.9 0.00101010101010101 1
"132" 0.373454644659633 1 0.0131313131313131 1 0.297318609059422 1 0.0212121212121212 1 0.255480325464102 1 0.00303030303030303 1 0.513387819831989 0.8 0 1
"142" 0.484948473134902 0.9 0.0343434343434343 1 0.465463197788291 0.9 0.00909090909090909 1 0.455311138000987 0.9 0.0131313131313131 1 0.507923846160899 0.9 0.00101010101010101 1
"152" 0.529458766960021 0.9 0.00303030303030303 1 0.46030558038144 1 0.00606060606060606 1 0.465662556459018 1 0.00303030303030303 1 0.483177544220248 0.9 0.00101010101010101 1
"162" 0.395096166339575 1 0.00101010101010101 1 0.360930820798733 1 0.00404040404040404 1 0.294620544451646 1 0.00404040404040404 1 0.440915025306169 1 0 1
"172" 0.543185597394563 0.8 0.0323232323232323 1 0.551983708955338 0.9 0.0404040404040404 1 0.554845247839742 0.8 0.0252525252525253 1 0.566292226790223 0.8 0.00202020202020202 1
"182" 0.429538093475697 0.8 0.00101010101010101 1 0.416068913208638 0.8 0.00404040404040404 1 0.343970093611685 1 0.00606060606060606 1 0.572551831554343 0.9 0.00101010101010101 1
"192" 0.57724868258532 0.7 0.00202020202020202 1 0.581870882391036 0.8 0.0212121212121212 1 0.535768420654952 0.8 0.00909090909090909 1 0.608424358764771 0.7 0.00101010101010101 1
"202" 0.426840543444823 0.9 0.00202020202020202 1 0.349991314265455 1 0.0101010101010101 1 0.388183947476707 0.9 0.00101010101010101 1 0.468931231376673 0.9 0 1
"212" 0.484328402811884 0.9 0.00707070707070707 1 0.437084115412541 0.9 0.00303030303030303 1 0.469765310511298 0.9 0.00101010101010101 1 0.511753526737091 0.9 0.00202020202020202 1
"222" 0.527615656141984 0.9 0.0141414141414141 1 0.559393728027776 0.9 0.00707070707070707 1 0.57234800250038 0.8 0.00101010101010101 1 0.637729143115567 0.7 0 1
"232" 0.277442416344461 1 0.00404040404040404 1 0.262142472856268 1 0.0101010101010101 1 0.253432043091259 1 0.0141414141414141 1 0.424310876309838 0.9 0.00202020202020202 1
"242" 0.418169962841673 0.9 0.00202020202020202 1 0.395959026028129 0.9 0.0181818181818182 1 0.37501131128347 1 0.0252525252525253 1 0.391449915854708 1 0 1
"252" 0.438410115094932 1 0.0363636363636364 1 0.41594729581301 1 0.0161616161616162 1 0.430496009747028 1 0.0171717171717172 1 0.492117911230372 0.9 0.00404040404040404 1
"114" 0.553780470468004 0.9 0.0141414141414141 1 0.510204876943291 0.9 0.0141414141414141 1 0.450034619688255 0.9 0.00606060606060606 1 0.592365740088007 0.7 0.0383838383838384 1
"28" 0.532172384467645 0.9 0.00707070707070707 1 0.527718430283675 0.8 0.00303030303030303 1 0.536910389741724 0.7 0 1 0.479081775502898 1 0.00101010101010101 1
"33" 0.450325200959052 0.9 0.0191919191919192 1 0.419036975692704 1 0.0333333333333333 1 0.415707452373029 1 0.0222222222222222 1 0.33628082815032 1 0.00303030303030303 1
"43" 0.398400296130482 1 0.0464646464646465 1 0.411659776260059 0.9 0.00303030303030303 1 0.377912639468358 1 0.00707070707070707 1 0.536219872148598 0.9 0 1
"53" 0.526436455611825 1 0.00505050505050505 1 0.498985972343063 1 0.00101010101010101 1 0.472279038960628 1 0.00404040404040404 1 0.508040841944306 0.8 0.00202020202020202 1
"63" 0.429856962915397 1 0.0222222222222222 1 0.434166643368414 1 0.00808080808080808 1 0.408351926114054 1 0.00202020202020202 1 0.420439112278862 1 0 1
"73" 0.321091264407457 1 0.0111111111111111 1 0.247876404107267 1 0.0161616161616162 1 0.262426457028077 1 0.0101010101010101 1 0.392716552698218 1 0.00808080808080808 1
"83" 0.591530155630768 0.9 0 1 0.491739217777857 0.9 0.0353535353535354 1 0.435414060123527 0.9 0.00505050505050505 1 0.356988081697411 0.9 0.00101010101010101 1
"93" 1.14404878325007 1 0.0101010101010101 3 0.4487601931888 1 0.0101010101010101 1 0.39092633563257 1 0.00808080808080808 1 0.529649939001729 0.9 0.00303030303030303 1
"103" 0.375061348488192 1 0.0464646464646465 1 0.384730837686693 1 0.00606060606060606 1 0.354435922430211 1 0.00707070707070707 1 0.522558798587573 0.9 0.00303030303030303 1
"115" 0.474659277641764 1 0.0404040404040404 1 0.481795284478495 0.9 0.0232323232323232 1 0.463935461099201 0.9 0.0191919191919192 1 0.556096249491211 0.8 0.00303030303030303 1
"123" 0.548961857669785 0.8 0.00202020202020202 1 0.515738228443188 1 0.00303030303030303 1 0.439063184406329 1 0.0111111111111111 1 0.48965504065961 0.9 0.00505050505050505 1
"133" 0.473131292114018 0.9 0.00303030303030303 1 0.389038954588586 0.9 0.00909090909090909 1 0.387224447247783 0.9 0.00707070707070707 1 0.616204934065479 0.8 0 1
"143" 0.340009620416078 1 0.0191919191919192 1 0.280191327321813 1 0.0151515151515152 1 0.284144606769382 1 0.00505050505050505 1 0.454201190285622 1 0.00101010101010101 1
"153" 0.588221253681665 0.9 0 1 0.467920418229613 1 0.0191919191919192 1 0.452925687776579 0.9 0.0141414141414141 1 0.443388134705686 0.9 0.00101010101010101 1
"163" 0.550664437594773 0.9 0.0111111111111111 1 0.495190503820803 0.9 0.0212121212121212 1 0.468217605495838 1 0.0171717171717172 1 0.562036836097274 0.8 0.00202020202020202 1
"173" 0.414094532458268 1 0.0171717171717172 1 0.44488084332738 1 0.00808080808080808 1 0.441710919772314 1 0.00707070707070707 1 0.524460274611235 0.7 0.00101010101010101 1
"183" 0.441933120200532 0.9 0.0121212121212121 1 0.418499757820267 0.9 0.0232323232323232 1 0.409534209148527 0.9 0.0222222222222222 1 0.447852128629143 0.8 0.00202020202020202 1
"193" 0.47331898918653 0.8 0.00606060606060606 1 0.485582385516801 0.7 0.00101010101010101 1 0.462846343342248 0.8 0 1 0.467071131762394 1 0 1
"203" 0.415242535657068 0.9 0.0222222222222222 1 0.363833963731364 0.9 0.0121212121212121 1 0.317829220775578 0.9 0.00808080808080808 1 0.456104796053201 0.8 0 1
"213" 0.409169514922322 0.9 0.00808080808080808 1 0.365264481297693 0.9 0.00606060606060606 1 0.359176321605369 0.9 0.00707070707070707 1 0.553480623581472 0.8 0 1
"223" 0.394310982518173 1 0.0181818181818182 1 0.387613493198445 1 0.0202020202020202 1 0.403267898192193 0.9 0.00707070707070707 1 0.324132206584704 1 0.00202020202020202 1
"233" 0.473683430281684 1 0.0212121212121212 1 0.496544102726165 1 0.00707070707070707 1 0.411810628555487 1 0.00808080808080808 1 0.539767570147025 0.9 0.00101010101010101 1
"243" 0.389918832968511 0.9 0.0363636363636364 1 0.384193705908057 0.9 0.00707070707070707 1 0.390146035854137 0.9 0.00707070707070707 1 0.518992485757096 0.7 0 1
"253" 0.539930258937282 0.7 0.00808080808080808 1 0.522090336482113 0.8 0.0303030303030303 1 0.484809894628853 0.9 0.0121212121212121 1 0.550544644443629 0.7 0 1
