"dist_seassir" "TPR_seassir" "FPR_seassir" "d_seassir" "dist_seasintra" "TPR_seasintra" "FPR_seasintra" "d_seasintra" "dist_seaspfc" "TPR_seaspfc" "FPR_seaspfc" "d_seaspfc" "dist_lasso" "TPR_lasso" "FPR_lasso" "d_lasso"
"1" 0.385948130232098 0.9 0.00668896321070234 1 0.372125259277505 0.8 0.00334448160535117 1 0.377024358509173 0.8 0 1 0.539835084127372 0.7 0 1
"2" 0.32678550241689 0.9 0.0040133779264214 1 0.306860900774953 1 0.00501672240802676 1 0.308044080917466 1 0.000668896321070234 1 0.462813045312136 0.8 0 1
"3" 0.769959669053316 0.9 0.00334448160535117 2 0.326707125027775 0.9 0.00535117056856187 1 0.292682275986923 0.9 0.00301003344481605 1 0.295180734588539 0.8 0 1
"4" 0.307942173100521 0.9 0.00100334448160535 1 0.26875107027391 1 0.000334448160535117 1 0.301858236202999 1 0.000334448160535117 1 0.431518436865892 0.8 0 1
"5" 0.337908557412026 0.9 0.00668896321070234 1 0.307623140553959 0.9 0.00234113712374582 1 0.332476117620312 0.9 0.00334448160535117 1 0.365740172577762 0.9 0.000334448160535117 1
"6" 0.391431021354496 0.9 0.0020066889632107 1 0.39016632256678 0.9 0.00167224080267559 1 0.383651922092593 0.9 0.000668896321070234 1 0.308013049328263 0.9 0 1
"7" 0.347446687178604 0.9 0.00501672240802676 1 0.271839395899717 1 0.00501672240802676 1 0.24707494667477 1 0 1 0.55139296197426 0.5 0 1
"8" 0.383855084952897 0.8 0.0020066889632107 1 0.340560489591413 0.9 0.000334448160535117 1 0.327754168010302 0.9 0 1 0.439312455639861 0.8 0 1
"9" 0.391383322094331 1 0.00301003344481605 1 0.352875589447855 1 0.00668896321070234 1 0.388856855770779 1 0.00167224080267559 1 0.518666617084242 0.9 0 1
"10" 0.422405674064257 1 0.0130434782608696 1 0.374740923084964 1 0.0110367892976589 1 0.348423840871753 1 0.00602006688963211 1 0.428110278421397 0.8 0 1
"11" 0.540278565368339 0.9 0.0020066889632107 1 0.494537467192549 0.9 0.00267558528428094 1 0.450765045601482 1 0.00133779264214047 1 0.56999082351161 0.9 0 1
"12" 0.439477714901477 0.9 0.00133779264214047 1 0.416337337891264 0.9 0.00434782608695652 1 0.411940960437957 0.9 0.00535117056856187 1 0.458054172250137 0.8 0 1
"13" 0.407032993861956 0.9 0.00301003344481605 1 0.368832902460429 1 0.00167224080267559 1 0.342439410649183 1 0.00167224080267559 1 0.47900459242652 0.8 0 1
"14" 0.396186035568512 0.9 0.00100334448160535 1 0.340957398125658 1 0.00301003344481605 1 0.27836471687529 1 0.00367892976588629 1 0.45842843614356 0.7 0 1
"15" 0.475358390982067 0.8 0.00100334448160535 1 0.464184717071782 0.8 0.000668896321070234 1 0.370499494314078 1 0.000334448160535117 1 0.632075276026298 0.6 0 1
"16" 0.47791787313665 0.9 0.00635451505016722 1 0.498384617320248 1 0.0190635451505017 1 0.40114791383509 1 0.000334448160535117 1 0.658603856495129 0.5 0 1
"17" 0.54331353388205 1 0.0020066889632107 1 0.497862793034266 1 0.00167224080267559 1 0.410358960904152 1 0.00501672240802676 1 0.572174402716163 0.7 0 1
"18" 0.388179971059655 1 0.0117056856187291 1 0.332929893787614 0.9 0.00301003344481605 1 0.304567854858753 1 0.00334448160535117 1 0.303884376692658 0.9 0 1
"19" 0.38630444139711 0.9 0.00334448160535117 1 0.394224583246697 0.9 0.000334448160535117 1 0.337070728868658 1 0.00133779264214047 1 0.983841092858859 0 0 1
"20" 0.467522235669801 0.8 0.000334448160535117 1 0.401913728920245 0.9 0.00836120401337793 1 0.337971702701041 1 0.00334448160535117 1 0.275169784527403 0.9 0 1
"21" 0.362820020016244 1 0.000668896321070234 1 0.279319883529282 1 0.00167224080267559 1 0.23602294761042 1 0.000668896321070234 1 0.444301136405274 0.7 0 1
"22" 0.438629294809417 0.9 0.00434782608695652 1 0.42037220430722 0.9 0.00668896321070234 1 0.412544708781911 0.9 0.00334448160535117 1 0.585064065143575 0.7 0 1
"23" 0.388030627092494 0.9 0 1 0.355514032425955 1 0.00133779264214047 1 0.383523891974542 0.9 0.000334448160535117 1 0.842987028525775 0.2 0 1
"24" 0.475260228969277 0.8 0.00133779264214047 1 0.386324358424432 0.9 0.0020066889632107 1 0.382053958160438 0.9 0.00267558528428094 1 0.372326674628244 0.8 0 1
"25" 0.416887138115819 0.9 0.00301003344481605 1 0.345993180149822 1 0.00501672240802676 1 0.351450138426347 0.9 0.00167224080267559 1 0.639016842078769 0.7 0 1
"110" 0.400570931364957 0.8 0.0020066889632107 1 0.368929231861491 1 0.0020066889632107 1 0.365857428154491 1 0.00234113712374582 1 0.479449543686403 0.8 0 1
"26" 0.542657490616769 0.7 0.0020066889632107 1 0.518711450873596 0.8 0.000668896321070234 1 0.499561524722906 0.8 0 1 0.56110287429831 0.8 0 1
"31" 0.449301150549646 1 0.00167224080267559 1 0.394964245075732 1 0.00334448160535117 1 0.389759074937412 1 0.00133779264214047 1 0.983841092858859 0 0 1
"41" 0.380615485750934 0.8 0.00334448160535117 1 0.375927477114255 0.9 0.0020066889632107 1 0.352265853299066 0.9 0.00535117056856187 1 0.532044840010253 0.9 0 1
"51" 0.325473593378725 0.9 0.00301003344481605 1 0.292725972083284 0.9 0.00334448160535117 1 0.334838062404314 0.9 0.00100334448160535 1 0.380003004574358 0.7 0.000334448160535117 1
"61" 0.635138416744346 0.7 0.000668896321070234 1 0.538110426780677 1 0.00769230769230769 1 0.500543741347385 0.9 0.0020066889632107 1 0.599205014530837 0.7 0 1
"71" 0.461668785328268 0.8 0.0117056856187291 1 0.448539125191851 0.8 0.00133779264214047 1 0.326226205827121 1 0.0020066889632107 1 0.431531713160942 0.6 0 1
"81" 0.342738429510221 0.9 0.00100334448160535 1 0.299473032312626 0.9 0.00468227424749164 1 0.336006210140259 0.9 0 1 0.409164357426139 0.8 0 1
"91" 0.625364797415527 0.7 0.000334448160535117 1 0.537991679342181 0.9 0.011371237458194 1 0.529599712118775 0.9 0.00100334448160535 1 0.375817194610482 0.8 0 1
"101" 0.292853684554604 1 0.00468227424749164 1 0.327187092123073 1 0.000668896321070234 1 0.308780481107374 1 0.0020066889632107 1 0.697319400549805 0.5 0 1
"111" 0.393182755959882 0.9 0 1 0.321674428821162 0.9 0.000668896321070234 1 0.301867342207158 0.9 0.000668896321070234 1 0.522333756246072 0.8 0.000668896321070234 1
"121" 0.397869382109706 0.9 0.00133779264214047 1 0.342657857857504 0.9 0.00367892976588629 1 0.39288029332124 0.9 0.00133779264214047 1 0.719196640017545 0.4 0 1
"131" 0.456950003117075 0.9 0.000668896321070234 1 0.403513965657777 0.9 0.00301003344481605 1 0.392083493009583 0.9 0.00334448160535117 1 0.647966332985358 0.7 0 1
"141" 0.332571241819142 1 0.0103678929765886 1 0.322061752252529 1 0.00267558528428094 1 0.299096203202018 1 0 1 0.605462383324693 0.6 0 1
"151" 0.541068248252673 0.9 0.00535117056856187 1 0.40483433032768 1 0.00702341137123746 1 0.340771942922882 1 0.00602006688963211 1 0.406287236721644 0.9 0 1
"161" 0.396959083862429 0.9 0.000668896321070234 1 0.401825139357022 0.8 0.00100334448160535 1 0.390199358732661 0.9 0.00301003344481605 1 0.706261971271119 0.5 0 1
"171" 0.521810168265705 0.9 0.00133779264214047 1 0.408067086702483 0.9 0.00501672240802676 1 0.392297003381947 0.9 0.000668896321070234 1 0.461259939772337 1 0.0130434782608696 1
"181" 0.396387863307266 0.9 0.00267558528428094 1 0.420312070170691 0.8 0 1 0.400270121091211 0.8 0.000334448160535117 1 0.560584326789651 0.7 0 1
"191" 0.478161904490379 0.8 0.00167224080267559 1 0.335329490868325 1 0.00267558528428094 1 0.352620663742545 0.9 0.00334448160535117 1 0.582472292313262 0.7 0 1
"201" 0.348732707619148 1 0.00568561872909699 1 0.392413292463985 1 0.00167224080267559 1 0.346407766402473 0.9 0 1 0.983841092858859 0 0 1
"211" 0.465133203808689 0.9 0.00501672240802676 1 0.473157373813227 0.8 0.00100334448160535 1 0.419474242762733 1 0.00133779264214047 1 0.563505872354559 0.8 0 1
"221" 0.522874850016809 0.9 0.00501672240802676 1 0.49108652437801 0.9 0.01438127090301 1 0.452944685932465 0.9 0.00869565217391304 1 0.474791960334307 0.7 0.000334448160535117 1
"231" 0.37036221718091 1 0.00133779264214047 1 0.361057189253062 1 0.00234113712374582 1 0.335139296830334 1 0.000668896321070234 1 0.74692393754885 0.4 0 1
"241" 0.429361654754882 1 0.01438127090301 1 0.3754387801815 0.9 0.00769230769230769 1 0.397607966779671 0.9 0.000668896321070234 1 0.395627727886725 0.9 0 1
"251" 0.37739322991225 0.9 0.00100334448160535 1 0.337977794008339 0.9 0.00100334448160535 1 0.279315385777979 0.9 0.000668896321070234 1 0.8433768757529 0.3 0 1
"112" 0.460343033902096 1 0.00267558528428094 1 0.463873534903749 1 0.00501672240802676 1 0.417791277522157 1 0.00568561872909699 1 0.61710601816243 0.5 0 1
"27" 0.445058646787871 0.9 0.00367892976588629 1 0.38515308011764 0.9 0.0040133779264214 1 0.359342213783653 1 0.00234113712374582 1 0.350903946801038 0.9 0 1
"32" 0.442827793830992 1 0.00802675585284281 1 0.38613126591305 1 0.00334448160535117 1 0.359129122452324 1 0.00702341137123746 1 0.545473736261819 0.9 0 1
"42" 0.518424313760124 0.8 0.00936454849498328 1 0.465940201931333 0.8 0.00234113712374582 1 0.507045825682087 0.7 0.00836120401337793 1 0.627831134828501 0.6 0 1
"52" 0.463163334686653 0.9 0.00969899665551839 1 0.436713801929637 1 0.0100334448160535 1 0.412940059075574 1 0.00367892976588629 1 0.444684214820309 0.7 0 1
"62" 0.408473607536176 0.9 0.00167224080267559 1 0.38163009689344 1 0.0153846153846154 1 0.296328913431222 1 0.00234113712374582 1 0.419534954085029 0.9 0.000334448160535117 1
"72" 0.479742697517315 1 0.00702341137123746 1 0.433357195484816 1 0.0040133779264214 1 0.414262028973504 1 0.00267558528428094 1 0.526387837645778 0.7 0 1
"82" 0.486049734115429 0.8 0.000668896321070234 1 0.445726104399891 0.8 0.0020066889632107 1 0.488288824388717 0.8 0.000668896321070234 1 0.673864104854047 0.6 0 1
"92" 0.388722301855679 1 0.00267558528428094 1 0.341181967266375 1 0.00468227424749164 1 0.321372597723112 1 0.00267558528428094 1 0.280133483852026 1 0 1
"102" 0.52106617250035 0.7 0.00167224080267559 1 0.458623526471621 0.7 0.00100334448160535 1 0.454002659921533 0.7 0.000334448160535117 1 0.625090150411239 0.8 0 1
"113" 0.504099096172916 0.9 0.00267558528428094 1 0.483906447104445 0.9 0.000668896321070234 1 0.435384810518458 0.9 0.00234113712374582 1 0.599233161267065 0.6 0 1
"122" 0.409768109052311 1 0.00234113712374582 1 0.328004455937032 1 0.00434782608695652 1 0.325776195222972 1 0.00234113712374582 1 0.657273989462012 0.6 0 1
"132" 0.406100716802483 0.9 0.00468227424749164 1 0.331869621482891 1 0.00367892976588629 1 0.300238290617442 1 0.00267558528428094 1 0.406176766995741 0.8 0 1
"142" 0.526223951353873 0.7 0.000334448160535117 1 0.492806320062402 0.8 0.00568561872909699 1 0.486720674388363 0.7 0 1 0.983841092858859 0 0 1
"152" 0.326158367752187 0.9 0.00301003344481605 1 0.313590206436316 0.9 0.00635451505016722 1 0.305203556370093 0.9 0.00133779264214047 1 0.255459175217367 0.9 0.0020066889632107 1
"162" 0.414691116612012 0.9 0.00434782608695652 1 0.397412901062804 1 0.00568561872909699 1 0.372227299059235 0.9 0.000668896321070234 1 0.527591426993078 0.8 0 1
"172" 0.416096680401 1 0.0020066889632107 1 0.359094381415062 1 0.0120401337792642 1 0.366959796644317 1 0.00367892976588629 1 0.983841092858859 0 0 1
"182" 0.390065506563602 0.9 0.00267558528428094 1 0.318596479564916 1 0.00535117056856187 1 0.339592314551908 1 0 1 0.555668986426718 0.6 0 1
"192" 0.24855771447315 0.9 0.00535117056856187 1 0.292540034876873 0.9 0.00367892976588629 1 0.371455119003508 0.9 0.00468227424749164 1 0.579366651457164 0.7 0.00133779264214047 1
"202" 0.271522228303751 1 0.00468227424749164 1 0.292222849020897 1 0.00267558528428094 1 0.290623240428322 1 0.000668896321070234 1 0.407761378646095 0.8 0 1
"212" 0.573993766333148 0.8 0.000334448160535117 1 0.496261661517021 0.9 0.000668896321070234 1 0.446068965951381 1 0.00100334448160535 1 0.551953149360381 0.6 0 1
"222" 0.445938899774978 0.9 0.00769230769230769 1 0.391466952376134 1 0.00468227424749164 1 0.390588440657411 0.9 0.00501672240802676 1 0.427655387663675 1 0.000334448160535117 1
"232" 0.403540198824903 1 0.00434782608695652 1 0.380606754327291 1 0.00635451505016722 1 0.376498616436161 1 0.00267558528428094 1 0.391163694623236 1 0.00100334448160535 1
"242" 0.460568772221213 0.9 0.000668896321070234 1 0.375914783891495 1 0.00668896321070234 1 0.316945657682411 1 0.00468227424749164 1 0.534720661462415 0.8 0 1
"252" 0.351642967553734 0.8 0 1 0.294055829849577 0.8 0.000334448160535117 1 0.249652525503593 0.9 0 1 0.404597539225383 0.8 0 1
"114" 0.416530595341999 1 0.00434782608695652 1 0.359559037771941 1 0.0020066889632107 1 0.386164381834455 1 0.00267558528428094 1 0.530423221396686 0.5 0 1
"28" 0.390577157293027 0.9 0.00769230769230769 1 0.403525558901545 0.9 0.0140468227424749 1 0.319227915630559 1 0.00501672240802676 1 0.307359328985765 0.9 0 1
"33" 0.393391345805877 1 0.00334448160535117 1 0.362739499659779 1 0.00535117056856187 1 0.326303540440618 1 0.00334448160535117 1 0.39297164996284 0.9 0 1
"43" 0.381754520742848 1 0.00434782608695652 1 0.326680474650712 1 0.00501672240802676 1 0.316135852462008 1 0.00267558528428094 1 0.520237172024381 0.7 0 1
"53" 0.387256759830296 1 0.00836120401337793 1 0.41583928750103 0.9 0.00133779264214047 1 0.405377675619786 1 0.00434782608695652 1 0.570875279235702 0.9 0 1
"63" 0.36301184633684 0.8 0.00267558528428094 1 0.336967247193445 0.8 0.00100334448160535 1 0.312126656426788 0.9 0.00100334448160535 1 0.470950993389432 0.7 0 1
"73" 0.433586451888296 1 0.00133779264214047 1 0.367087818330894 0.9 0.00468227424749164 1 0.336925568317081 1 0.00434782608695652 1 0.69278816915264 0.5 0 1
"83" 0.549011309065752 0.8 0.000668896321070234 1 0.484849793480839 0.8 0.000334448160535117 1 0.479946761986808 0.8 0.000668896321070234 1 0.480628144307426 0.7 0 1
"93" 0.572568293034376 0.8 0.0020066889632107 1 0.504622366670357 0.9 0.00100334448160535 1 0.451057926797013 0.9 0.00267558528428094 1 0.60906524135735 0.7 0 1
"103" 0.362397454281695 0.9 0 1 0.342007265239752 1 0.00334448160535117 1 0.383279649694588 1 0.00668896321070234 1 0.457480116805839 0.7 0 1
"115" 0.405540472129046 0.9 0.000334448160535117 1 0.33874182873153 0.9 0.00702341137123746 1 0.331934724910576 0.9 0.00568561872909699 1 0.568465809741506 0.7 0 1
"123" 0.575479898468506 0.7 0.000334448160535117 1 0.510982320974705 0.8 0.000334448160535117 1 0.455770407215274 0.9 0 1 0.485670192833114 0.8 0.000334448160535117 1
"133" 0.547467859991488 0.9 0.00133779264214047 1 0.501041909629301 0.8 0.00234113712374582 1 0.475540524535785 0.9 0.0020066889632107 1 0.747397402720819 0.3 0 1
"143" 0.53995956609968 0.9 0.00334448160535117 1 0.467102785219856 0.9 0.00167224080267559 1 0.378671538616377 1 0.00167224080267559 1 0.695377856960556 0.5 0 1
"153" 0.30831317432886 0.9 0.00234113712374582 1 0.30973553775094 0.9 0.0020066889632107 1 0.298885148823809 0.9 0.00100334448160535 1 0.364967386371608 0.7 0 1
"163" 0.534582832027245 0.8 0.0040133779264214 1 0.479022211499113 0.9 0.00735785953177258 1 0.486931513287135 0.9 0.00234113712374582 1 0.446168955220266 0.8 0.000334448160535117 1
"173" 0.449350157542877 0.8 0.00167224080267559 1 0.441281488404942 0.8 0.00133779264214047 1 0.362396847682677 1 0.00367892976588629 1 0.56766699206556 0.9 0 1
"183" 0.302869794810552 1 0.0020066889632107 1 0.289034110921211 1 0.0040133779264214 1 0.375768549185537 0.9 0.000668896321070234 1 0.460234628434347 0.8 0 1
"193" 0.520671291271296 0.8 0.000334448160535117 1 0.480230657771724 0.8 0.00100334448160535 1 0.436749819205223 0.9 0.00133779264214047 1 0.54276131156379 0.6 0 1
"203" 0.472236442421003 0.7 0.000668896321070234 1 0.431299973106899 1 0.0153846153846154 1 0.352302206484686 1 0.00167224080267559 1 0.310832534127265 0.9 0 1
"213" 0.522622247639117 0.7 0 1 0.482396995739574 0.8 0.000668896321070234 1 0.462472821459109 0.9 0 1 0.4865619522858 0.7 0 1
"223" 0.419007078137281 0.9 0.000668896321070234 1 0.330907330621501 0.9 0.000668896321070234 1 0.338328723800932 0.9 0 1 0.542818653287752 0.8 0 1
"233" 0.652293438155972 0.8 0.000334448160535117 1 0.540020634174771 0.9 0.0103678929765886 1 0.48564091613343 1 0.00969899665551839 1 0.769605167629841 0.4 0 1
"243" 0.3455126240029 1 0.00769230769230769 1 0.295486084307995 1 0.00334448160535117 1 0.267365182274687 1 0.000668896321070234 1 0.485665872603168 0.8 0 1
"253" 0.337040419629311 0.9 0.00100334448160535 1 0.32064701900916 0.9 0.00468227424749164 1 0.305169848436181 0.9 0.0020066889632107 1 0.45484356673172 0.9 0 1
