"dist_seassir" "TPR_seassir" "FPR_seassir" "d_seassir" "dist_seasintra" "TPR_seasintra" "FPR_seasintra" "d_seasintra" "dist_seaspfc" "TPR_seaspfc" "FPR_seaspfc" "d_seaspfc"
"1" 0.323711708400846 1 0.000334001336005344 2 0.437090399245681 1 0 2 0.495905685364964 0.833333333333333 0 2
"2" 0.273966882125922 1 0 2 0.282523563024803 1 0.000334001336005344 2 0.315680021063385 1 0.000668002672010688 2
"3" 0.265990416876944 1 0 2 0.588697287733093 1 0 3 0.549635004253979 0.666666666666667 0 2
"4" 0.342228607204683 1 0 2 0.300457225599267 1 0.00367401469605878 2 0.518704790816322 0.5 0.000668002672010688 1
"5" 0.223851036884787 1 0.000334001336005344 2 0.234427489490113 1 0.000334001336005344 2 0.288394878413121 1 0 2
"6" 0.263007146275457 1 0.0030060120240481 2 0.29575869832907 1 0.00133600534402138 2 0.347430704045747 1 0.00400801603206413 2
"7" 0.20522102882644 1 0 2 0.231935768801689 1 0.000334001336005344 2 0.612724532382839 0.666666666666667 0 2
"8" 0.283398090855922 1 0.000668002672010688 2 0.3119611029267 1 0.000668002672010688 2 0.435626419363484 1 0 2
"9" 0.261781655521166 1 0.00100200400801603 2 0.293945771993456 1 0.000334001336005344 2 0.278264797305606 1 0 2
"10" 0.222523410100383 1 0.00233800935203741 2 0.239252952300515 1 0.00100200400801603 2 0.335436074390161 1 0.00100200400801603 2
"11" 0.261282432828362 1 0 2 0.371283967217628 1 0 2 0.440781661936383 0.833333333333333 0.000334001336005344 2
"12" 0.292759975952965 1 0.00701402805611222 2 0.358498150443012 1 0.000334001336005344 2 0.465776326958776 0.833333333333333 0 2
"13" 0.283862804673981 1 0.00100200400801603 2 0.327746147378514 1 0.00334001336005344 2 0.518414574481411 0.833333333333333 0.000334001336005344 2
"14" 0.222708280159114 1 0 2 0.222024115286705 1 0 2 0.252926883618679 1 0.000668002672010688 2
"15" 0.249876009105009 1 0.00133600534402138 2 0.253720534767542 1 0 2 0.422925547064267 0.833333333333333 0.000334001336005344 2
"16" 0.280954960818608 1 0 2 0.228752667876004 1 0.00267201068804275 2 0.525170263054512 0.833333333333333 0.00100200400801603 2
"17" 0.275318777820138 1 0 2 0.290627321462296 1 0 2 0.41760531655428 1 0 2
"18" 0.305799338313295 1 0.000334001336005344 2 0.340784061494015 1 0 2 0.58961902483767 0.5 0 1
"19" 0.288033833407674 1 0.000334001336005344 2 0.299758626839987 1 0.000668002672010688 2 0.604235567895225 1 0.00768203072812291 3
"20" 0.305319991135695 1 0.000668002672010688 2 0.358436303255541 1 0.000668002672010688 2 0.365173875171205 1 0.00267201068804275 2
"21" 0.295644859281234 1 0.00567802271209085 2 0.293742760395001 1 0.00233800935203741 2 0.320949533610693 1 0.00334001336005344 2
"22" 0.322775637215445 1 0.000334001336005344 2 0.394377423462302 1 0 2 0.510947808159681 1 0 2
"23" 0.27931279042452 1 0.010688042752171 2 0.274008979886469 1 0.000668002672010688 2 0.236088178325313 1 0 2
"24" 0.262584659130756 1 0.000334001336005344 2 0.183559565027738 1 0 2 0.231007360547561 1 0.000334001336005344 2
"25" 0.381733918969649 1 0.00100200400801603 2 0.380043751336745 1 0.00100200400801603 2 0.372576455246964 1 0.00167000668002672 2
"110" 0.303460686548566 1 0.00100200400801603 2 0.314405197037041 1 0 2 0.314387363126932 1 0.000668002672010688 2
"26" 0.254775429234788 1 0.000668002672010688 2 0.24881990964162 1 0.00233800935203741 2 0.411627395763914 0.833333333333333 0.00167000668002672 2
"31" 0.328340389935054 1 0.00133600534402138 2 0.410366420267661 0.833333333333333 0 2 0.543749370322525 0.5 0 1
"41" 0.296246005803441 1 0 2 0.351273915362293 1 0 2 0.459355680542087 0.833333333333333 0.0030060120240481 2
"51" 0.320511813833061 1 0.00334001336005344 2 0.349459906041186 1 0.000668002672010688 2 0.46284680291504 1 0 2
"61" 0.225347426833739 1 0 2 0.304304862580431 1 0.000334001336005344 2 0.5773039373128 0.833333333333333 0.000334001336005344 2
"71" 0.342501127237843 1 0.000668002672010688 2 0.34557278253659 1 0.00701402805611222 2 0.249006434779305 1 0.000334001336005344 2
"81" 0.2552598614767 1 0.00100200400801603 2 0.277075407798863 1 0.00233800935203741 2 0.363156942746795 1 0.00200400801603206 2
"91" 0.384232289360838 1 0.000668002672010688 2 0.375085792573528 1 0.00233800935203741 2 0.388630334737572 1 0.00501002004008016 2
"101" 0.259057606971203 1 0.00267201068804275 2 0.227906565773633 1 0 2 0.246144037693757 1 0.000334001336005344 2
"111" 0.309343337713707 1 0.000334001336005344 2 0.377713897650457 1 0 2 0.608670045111799 0.833333333333333 0.000668002672010688 2
"121" 0.246158875979485 1 0.00100200400801603 2 0.268515078387719 1 0 2 0.539681723518242 0.666666666666667 0 1
"131" 0.281241974666122 1 0.010688042752171 2 0.206154590488843 1 0.000334001336005344 2 0.713457359670719 0.5 0.000334001336005344 2
"141" 0.240504692124562 1 0.000334001336005344 2 0.312841784841935 1 0 2 0.560385364297049 0.5 0.00133600534402138 1
"151" 0.336518141393023 1 0.000334001336005344 2 0.41225637299137 1 0 2 0.591129851348367 0.5 0 1
"161" 0.279627104547867 1 0 2 0.346796181707169 1 0 2 0.459193516388396 1 0.00267201068804275 2
"171" 0.324747178593046 1 0.00367401469605878 2 0.360884433604563 1 0.00233800935203741 2 0.412009745254322 0.833333333333333 0.00200400801603206 2
"181" 0.310835249973897 1 0.000334001336005344 2 0.335467277904112 1 0.00167000668002672 2 0.45441781660099 1 0.00100200400801603 2
"191" 0.285843150250749 1 0 2 0.277218849472464 1 0 2 0.305447806577537 1 0.000334001336005344 2
"201" 0.370170373130935 1 0 2 0.463081192619924 0.833333333333333 0 2 0.418822340221769 1 0.00167000668002672 2
"211" 0.261360831634555 1 0.000334001336005344 2 0.233749983985771 1 0.000334001336005344 2 0.547781074496667 0.833333333333333 0.000334001336005344 2
"221" 0.245449104733535 1 0.00100200400801603 2 0.28578324035384 1 0.00100200400801603 2 0.280991602845567 1 0.000334001336005344 2
"231" 0.343466096722409 1 0.00200400801603206 2 0.371473074574884 1 0 2 0.55264946526995 0.5 0 1
"241" 0.299167733091623 1 0.000334001336005344 2 0.244638573067496 1 0.00100200400801603 2 0.38055651155126 0.833333333333333 0 2
"251" 0.286246865223338 1 0.00100200400801603 2 0.335560211914426 1 0.00233800935203741 2 0.404719052362474 1 0.00200400801603206 2
"112" 0.450778216271633 1 0.00133600534402138 2 0.435446307503704 0.833333333333333 0 2 0.512932973597587 0.5 0.000668002672010688 1
"27" 0.265712136808441 1 0 2 0.296438818220416 1 0 2 0.289156721281511 1 0.000334001336005344 2
"32" 0.235623448035028 1 0.000334001336005344 2 0.246570025167765 1 0 2 0.543824906507387 0.833333333333333 0 2
"42" 0.257686464960436 1 0 2 0.263822670786253 1 0.000334001336005344 2 0.579431849132298 0.666666666666667 0.000334001336005344 2
"52" 0.259261835239303 1 0 2 0.560977453615525 1 0.0053440213760855 3 0.414916203772324 0.833333333333333 0.000668002672010688 2
"62" 0.314308413154341 1 0.00100200400801603 2 0.412140695308268 1 0 2 0.469738912124802 1 0 2
"72" 0.322797919379374 1 0.00935203740814963 2 0.316061415976264 1 0.00133600534402138 2 0.485959355072281 1 0.000334001336005344 2
"82" 0.334243335784306 1 0.000668002672010688 2 0.324998011218197 1 0.000668002672010688 2 0.419788092267336 0.833333333333333 0.000668002672010688 2
"92" 0.238866163919187 1 0.000334001336005344 2 0.238961105713317 1 0.00100200400801603 2 0.307850671264139 1 0.00200400801603206 2
"102" 0.242227158643354 1 0.00100200400801603 2 0.24434858932988 1 0 2 0.316500353461426 1 0.00334001336005344 2
"113" 0.322566997763433 1 0.00200400801603206 2 0.364548655668611 1 0.000334001336005344 2 0.715146473479806 0.5 0.000334001336005344 2
"122" 0.336603717414417 1 0 2 0.436160552065483 0.833333333333333 0 2 0.546870786897521 0.666666666666667 0 2
"132" 0.317027519433534 1 0.000668002672010688 2 0.377153902453636 1 0.000334001336005344 2 0.436683737324592 0.833333333333333 0.000668002672010688 2
"142" 0.318946719186034 1 0.000668002672010688 2 0.375466021240621 1 0.000668002672010688 2 0.477134161410547 1 0.000668002672010688 2
"152" 0.298546298086034 1 0.000334001336005344 2 0.327400694588612 1 0.00100200400801603 2 0.465292729734766 1 0.000334001336005344 2
"162" 0.309965484497521 1 0 2 0.2930461628494 1 0 2 0.304782911529486 1 0.00233800935203741 2
"172" 0.345480059425092 1 0.00167000668002672 2 0.422028897121445 1 0.000668002672010688 2 0.344891228431962 1 0.000668002672010688 2
"182" 0.285422885455788 1 0 2 0.300746512929468 1 0.000334001336005344 2 0.3125235779144 1 0.000334001336005344 2
"192" 0.269360623630326 1 0.000334001336005344 2 0.230458843828815 1 0.00100200400801603 2 0.511221683252996 1 0.00100200400801603 2
"202" 0.29428137795663 1 0.000334001336005344 2 0.358479139274071 1 0 2 0.645602011025259 0.666666666666667 0.010688042752171 2
"212" 0.252088632671773 1 0.000668002672010688 2 0.221181487471013 1 0.000668002672010688 2 0.715728876980802 0.5 0.000334001336005344 2
"222" 0.349681350171978 1 0.000334001336005344 2 0.357284280601221 1 0 2 0.428009125986866 1 0 2
"232" 0.215621785705549 1 0 2 0.285895792866443 1 0 2 0.53092202975608 0.833333333333333 0.00233800935203741 2
"242" 0.31987254963748 1 0.00233800935203741 2 0.280090397848141 1 0.000334001336005344 2 0.478783771106737 0.833333333333333 0.000334001336005344 2
"252" 0.234888211867716 1 0.00100200400801603 2 0.577391957473538 1 0 3 0.530165723683365 0.666666666666667 0.000334001336005344 1
"114" 0.380426605182427 1 0.00367401469605878 2 0.30351546236578 1 0.000334001336005344 2 0.567874688500215 1 0.00133600534402138 2
"28" 0.370408163198768 1 0.000668002672010688 2 0.383996428190946 1 0.00167000668002672 2 0.369232838643044 1 0 2
"33" 0.31731734770099 1 0.00100200400801603 2 0.342832478992689 1 0 2 0.578634927646223 0.666666666666667 0 2
"43" 0.228698202177551 1 0 2 0.263226121014041 1 0 2 0.510661645330206 0.5 0.000334001336005344 1
"53" 0.32784940248182 1 0.000668002672010688 2 0.344078762544084 1 0 2 0.557685497562714 0.5 0 1
"63" 0.303227120137673 1 0.00267201068804275 2 0.516596863777523 1 0 1 0.548288105735598 0.666666666666667 0 2
"73" 0.225635273495611 1 0 2 0.24548146024388 1 0.000668002672010688 2 0.293807359709303 1 0.000334001336005344 2
"83" 0.535384186568108 1 0.0030060120240481 1 0.408689330238515 1 0.000334001336005344 2 0.578493497245837 0.833333333333333 0.000668002672010688 2
"93" 0.224476342846735 1 0.000334001336005344 2 0.31510475632973 1 0 2 0.379678880836206 1 0.000334001336005344 2
"103" 0.365872158146201 1 0 2 0.427822256080901 1 0 2 0.568964099954917 0.666666666666667 0 2
"115" 0.310114299117771 1 0.000334001336005344 2 0.246905754154554 1 0 2 0.360848400856078 1 0.00367401469605878 2
"123" 0.271916084984656 1 0.000668002672010688 2 0.298851843180913 1 0.000334001336005344 2 0.317978542254676 1 0.00133600534402138 2
"133" 0.295463630140935 1 0.000668002672010688 2 0.195319195805202 1 0.000334001336005344 2 0.511188790148677 0.833333333333333 0 1
"143" 0.264280155712702 1 0.00133600534402138 2 0.295572332586586 1 0.0030060120240481 2 0.308841546412225 1 0.000668002672010688 2
"153" 0.382261643828322 1 0.000668002672010688 2 0.386746571154305 1 0.00167000668002672 2 0.4868328523387 0.833333333333333 0.000334001336005344 2
"163" 0.229737701934042 1 0.000334001336005344 2 0.293865339980483 1 0.00167000668002672 2 0.307857395940531 1 0.000668002672010688 2
"173" 0.328510811370068 1 0 2 0.393459016787277 1 0 2 0.508534883868351 0.833333333333333 0 2
"183" 0.323622484470801 1 0 2 0.267899191805017 1 0.000334001336005344 2 0.509665123022794 0.666666666666667 0.00233800935203741 1
"193" 0.231081715734265 1 0.000668002672010688 2 0.366408589618954 1 0.00233800935203741 2 0.375067300455706 1 0.00501002004008016 2
"203" 0.323734482602331 1 0.000668002672010688 2 0.362801344607611 1 0.00233800935203741 2 0.317074411575177 1 0.000334001336005344 2
"213" 0.251848047049524 1 0.00100200400801603 2 0.217935461711592 1 0.000668002672010688 2 0.343486912460928 1 0.000668002672010688 2
"223" 0.306156838070477 1 0 2 0.55608736630066 1 0.00868403473613895 2 0.337141671281698 1 0.00233800935203741 2
"233" 0.320417313384847 1 0.000334001336005344 2 0.359360108220526 1 0 2 0.460666526110138 0.833333333333333 0.000668002672010688 2
"243" 0.226247092307888 1 0.000334001336005344 2 0.275594399997826 1 0.000334001336005344 2 0.511362142936856 0.5 0.00100200400801603 1
"253" 0.323377998272262 1 0.000668002672010688 2 0.356980167291814 1 0 2 0.325132949703231 1 0.00233800935203741 2
