"dist_lassosir" "TPR_lassosir" "FPR_lassosir" "d_lassosir"
"1" 0.579625705059115 1 0.0110220440881764 1
"2" 0.652736945742097 1 0.0227120908483634 1
"3" 0.630972638966413 1 0.0210420841683367 1
"4" 0.568812308930525 0.833333333333333 0.0126920507682031 1
"5" 0.642559736817275 1 0.0230460921843687 1
"6" 0.549997896067868 1 0.00501002004008016 1
"7" 0.528093614027752 1 0.00601202404809619 1
"8" 0.562965213604558 1 0.00567802271209085 1
"9" 0.683131148246989 1 0.0317301269205077 1
"10" 0.558309173460785 1 0.0167000668002672 1
"11" 0.630864442725671 1 0.01937207748831 1
"12" 0.676188574869137 0.833333333333333 0.0227120908483634 1
"13" 0.595707370705859 1 0.01937207748831 1
"14" 0.603797109561538 1 0.0183700734802939 1
"15" 0.64339049107968 1 0.0200400801603206 1
"16" 0.669243732344739 1 0.0267201068804275 1
"17" 0.547621915334444 1 0.00668002672010688 1
"18" 0.567517960815643 1 0.0140280561122244 1
"19" 0.638613293392968 1 0.0263861055444222 1
"20" 0.608939480961754 1 0.0197060788243153 1
"21" 0.727040168402805 1 0.0434201736806947 2
"22" 0.572773128606422 1 0.0113560454241817 1
"23" 0.533275605786896 1 0.00567802271209085 1
"24" 0.713174037233558 1 0.0250501002004008 1
"25" 0.633810484604368 1 0.0183700734802939 1
"26" 0.63464500991468 0.833333333333333 0.01937207748831 1
"27" 0.593241863543375 1 0.0167000668002672 1
"28" 0.578321751565004 1 0.0160320641282565 1
"29" 0.587284941181108 1 0.0156980627922512 1
"30" 0.629232307145355 1 0.0227120908483634 1
"31" 0.634314483578508 1 0.0187040748162993 1
"32" 0.581589630705518 1 0.0167000668002672 1
"33" 0.603445188642944 1 0.022378089512358 1
"34" 0.642942070298088 1 0.0197060788243153 1
"35" 0.557229047716954 1 0.0146960587842351 1
"36" 0.596038940685803 1 0.0140280561122244 1
"37" 0.672076543384606 1 0.0297261189044756 1
"38" 0.569296573204789 0.833333333333333 0.0103540414161657 1
"39" 0.597208106609162 1 0.0153640614562458 1
"40" 0.54611890031962 1 0.00701402805611222 1
"41" 0.62316354419728 1 0.01937207748831 1
"42" 0.699024295503737 1 0.0394121576486306 2
"43" 0.689708813645578 1 0.0233800935203741 1
"44" 0.556106587964037 1 0.0130260521042084 1
"45" 0.661614259259952 1 0.0253841015364061 1
"46" 0.581783606507633 1 0.00868403473613895 1
"47" 0.612280448024629 1 0.0207080828323313 1
"48" 0.64486686538248 1 0.0180360721442886 1
"49" 0.595327215858232 1 0.0140280561122244 1
"50" 0.651792055701401 1 0.0220440881763527 1
"51" 0.529593543927823 1 0.0103540414161657 1
"52" 0.566222844468359 1 0.0170340681362725 1
"53" 0.62941532834976 1 0.0187040748162993 1
"54" 0.642449227013151 1 0.0307281229124916 1
"55" 0.585729773287114 1 0.0173680694722779 1
"56" 0.683665019368178 0.5 0.0243820975283901 1
"57" 0.674210772118214 1 0.0263861055444222 1
"58" 0.634542845804578 1 0.01937207748831 1
"59" 0.580972844396814 1 0.0150300601202405 1
"60" 0.725022547403986 1 0.0347361389445558 1
"61" 0.566777448219132 1 0.0123580494321977 1
"62" 0.615695819081805 1 0.011690046760187 1
"63" 0.578599602127004 1 0.0110220440881764 1
"64" 0.620396065987634 1 0.020374081496326 1
"65" 0.660189573121517 1 0.0240480961923848 1
"66" 0.644176153732705 1 0.0173680694722779 1
"67" 0.584510445129291 1 0.0180360721442886 1
"68" 0.594597188563019 1 0.0053440213760855 1
"69" 0.559407991370289 1 0.00200400801603206 1
"70" 0.598920857162776 1 0.0167000668002672 1
"71" 0.57260317216841 1 0.0143620574482298 1
"72" 0.588807502624164 1 0.0146960587842351 1
"73" 0.658563371029031 1 0.0243820975283901 1
"74" 0.559870903291728 1 0.00367401469605878 1
"75" 0.632826472508137 1 0.0160320641282565 1
"76" 0.632261940748374 1 0.0240480961923848 1
"77" 0.715279132461827 1 0.0340681362725451 1
"78" 0.605440172648874 1 0.0190380761523046 1
"79" 0.633805231018717 1 0.021376085504342 1
"80" 0.58920772074436 1 0.0217100868403474 1
"81" 0.540030385845091 1 0.0110220440881764 1
"82" 0.5623259787275 1 0.00935203740814963 1
"83" 0.594634557636283 1 0.0156980627922512 1
"84" 0.64079620763039 1 0.0220440881763527 1
"85" 0.602917369407376 1 0.0233800935203741 1
"86" 0.699876314960509 1 0.0354041416165665 2
"87" 0.659181428340197 1 0.0230460921843687 1
"88" 0.64561064676158 1 0.0217100868403474 1
"89" 0.628936631437496 1 0.0230460921843687 1
"90" 0.63043805774421 1 0.0210420841683367 1
"91" 0.654115105192585 1 0.0273881095524382 1
"92" 0.580373378234677 1 0.0153640614562458 1
"93" 0.605163608513507 1 0.0136940547762191 1
"94" 0.672303505657609 1 0.0207080828323313 1
"95" 0.617715779430337 0.833333333333333 0.0156980627922512 1
"96" 0.635992436287391 1 0.0230460921843687 1
"97" 0.639384750972241 1 0.0187040748162993 1
"98" 0.606063102169282 1 0.0187040748162993 1
"99" 0.62766505198416 1 0.0210420841683367 1
"100" 0.569662671995314 1 0.0133600534402138 1
