"dist_lassosir" "TPR_lassosir" "FPR_lassosir" "d_lassosir"
"1" 0.623559293126036 1 0.0103540414161657 1
"2" 0.599259793701863 1 0.00801603206412826 1
"3" 0.620242577378099 1 0.0110220440881764 1
"4" 0.674661613956922 1 0.0173680694722779 1
"5" 0.727655280155384 1 0.0160320641282565 1
"6" 0.70480638259403 1 0.0197060788243153 1
"7" 0.63934956252756 1 0.0180360721442886 1
"8" 0.658892867420982 1 0.0143620574482298 1
"9" 0.573894538138533 1 0.00434201736806947 1
"10" 0.512319840280385 1 0.000334001336005344 1
"11" 0.694026554771297 1 0.01937207748831 1
"12" 0.718006662950808 1 0.0340681362725451 2
"13" 0.792091044423317 1 0.0340681362725451 2
"14" 0.637456438493018 1 0.00634602538410154 1
"15" 0.609464042103607 1 0.0053440213760855 1
"16" 0.663337546785632 1 0.0167000668002672 1
"17" 0.546118821381709 1 0 1
"18" 0.789568059901553 1 0.0447561790247161 2
"19" 0.745191140485583 1 0.042752171008684 2
"20" 0.623545735199185 1 0.00634602538410154 1
"21" 0.665334615072581 1 0.0177020708082832 1
"22" 0.776501395936571 1 0.042752171008684 2
"23" 0.643493498886094 1 0.0130260521042084 1
"24" 0.645341423991841 1 0.0146960587842351 1
"25" 0.622049467684247 1 0.011690046760187 1
"26" 0.614493776872495 1 0.0123580494321977 1
"27" 0.547398876461033 1 0.00334001336005344 1
"28" 0.568515509622047 1 0.0053440213760855 1
"29" 0.583659295972608 1 0.00868403473613895 1
"30" 0.583573886006484 1 0.0083500334001336 1
"31" 0.677722130404983 1 0.0207080828323313 1
"32" 0.696204099458304 1 0.0197060788243153 1
"33" 0.592603047659199 1 0.00901803607214429 1
"34" 0.676381428856507 1 0.0146960587842351 1
"35" 0.560737180824414 1 0.00367401469605878 1
"36" 0.568521641939227 1 0.00233800935203741 1
"37" 0.62212420388977 1 0.0130260521042084 1
"38" 0.535306753502318 1 0.00233800935203741 1
"39" 0.572916430085915 1 0.00734802939211757 1
"40" 0.619980412098655 1 0.010688042752171 1
"41" 0.689429875679893 1 0.0153640614562458 1
"42" 0.630015693743798 1 0.00935203740814963 1
"43" 0.705192892545735 1 0.0243820975283901 1
"44" 0.593298579611844 1 0.00233800935203741 1
"45" 0.556480177862031 1 0.00467601870407482 1
"46" 0.671252003506655 1 0.00868403473613895 1
"47" 0.630663804039665 1 0.00935203740814963 1
"48" 0.669480340153027 1 0.0126920507682031 1
"49" 0.611272183024599 1 0.00701402805611222 1
"50" 0.694956840676598 1 0.0140280561122244 1
"51" 0.702391200578349 1 0.0210420841683367 1
"52" 0.630015023658592 1 0.0113560454241817 1
"53" 0.623748365565094 1 0.00801603206412826 1
"54" 0.661780596217867 1 0.0136940547762191 1
"55" 0.535766650467059 1 0.00400801603206413 1
"56" 0.603072750137585 1 0.00801603206412826 1
"57" 0.670149901338775 1 0.0170340681362725 1
"58" 0.5483362745752 1 0.0053440213760855 1
"59" 0.742967412812796 1 0.0247160988643955 1
"60" 0.623434527090995 1 0.0053440213760855 1
"61" 0.545827621805303 1 0.00267201068804275 1
"62" 0.592431995380083 1 0.00901803607214429 1
"63" 0.804986074481051 1 0.0384101536406146 2
"64" 0.608200050365164 1 0.00668002672010688 1
"65" 0.593571619545501 1 0.0103540414161657 1
"66" 0.668112514547019 1 0.0113560454241817 1
"67" 0.666865971438243 0.833333333333333 0.0113560454241817 1
"68" 0.589233381117974 1 0.0113560454241817 1
"69" 0.604111900351829 1 0 1
"70" 0.795671295278923 1 0.0354041416165665 2
"71" 0.59898013959197 1 0.0110220440881764 1
"72" 0.560515006433763 1 0.00367401469605878 1
"73" 0.55662227485076 1 0.00434201736806947 1
"74" 0.731008126957854 1 0.0220440881763527 1
"75" 0.529481211961654 1 0.00400801603206413 1
"76" 0.650739872318974 1 0.00133600534402138 1
"77" 0.563461128449293 1 0.00167000668002672 1
"78" 0.569663139362497 1 0.00634602538410154 1
"79" 0.606450192988391 1 0.00601202404809619 1
"80" 0.757380727563243 1 0.0340681362725451 2
"81" 0.543778298318319 1 0.000334001336005344 1
"82" 0.74388281864173 1 0.0227120908483634 1
"83" 0.841815033917 1 0.0397461589846359 2
"84" 0.523398470143452 1 0.00233800935203741 1
"85" 0.620122523909066 1 0.0163660654642619 1
"86" 0.584630709820139 1 0.00434201736806947 1
"87" 0.686523976749433 1 0.0210420841683367 1
"88" 0.644992751194038 1 0.0100200400801603 1
"89" 0.67310204305446 1 0.020374081496326 1
"90" 0.525786626528303 1 0.00133600534402138 1
"91" 0.624842772513503 1 0.0180360721442886 1
"92" 0.658737357683607 1 0.0123580494321977 1
"93" 0.561437612270665 1 0.00233800935203741 1
"94" 0.545039376500155 1 0.00133600534402138 1
"95" 0.556133008790559 1 0.00267201068804275 1
"96" 0.640687175307748 1 0.0160320641282565 1
"97" 0.736809675913183 1 0.0280561122244489 2
"98" 0.713860223883766 0.833333333333333 0.0140280561122244 1
"99" 0.670353097638981 1 0.0143620574482298 1
"100" 0.581794058541278 1 0.0136940547762191 1
