"dist_seassir" "TPR_seassir" "FPR_seassir" "d_seassir" "dist_seasintra" "TPR_seasintra" "FPR_seasintra" "d_seasintra" "dist_seaspfc" "TPR_seaspfc" "FPR_seaspfc" "d_seaspfc" "dist_seaspfc_f" "TPR_seaspfc_f" "FPR_seaspfc_f" "d_seaspfc_f"
"1" 0.365171707358761 1 0.000334001336005344 2 0.419342561601223 1 0.00367401469605878 2 0.38969306826361 1 0.000668002672010688 2 0.387432981675024 1 0.000668002672010688 2
"2" 0.734114208354923 1 0 4 0.510484129347449 1 0 1 0.376304096293139 1 0 2 0.366652536101068 1 0 2
"3" 0.377547598634042 1 0.000334001336005344 2 0.293343069045882 1 0.000334001336005344 2 0.316363710626877 1 0.000334001336005344 2 0.29369719978888 1 0.000334001336005344 2
"4" 0.711416089066214 1 0 4 0.30804891690148 1 0 2 0.308996393113138 1 0.000334001336005344 2 0.289561427228931 1 0.000334001336005344 2
"5" 0.337559685893867 1 0 2 0.291445874260223 1 0 2 0.361986484172072 1 0 2 0.305391065775932 1 0 2
"6" 0.374591713301614 1 0.000668002672010688 2 0.354722528565935 1 0.000668002672010688 2 0.345943252497591 1 0.000334001336005344 2 0.325719345964574 1 0.000334001336005344 2
"7" 0.606347509481388 1 0 3 0.427394781861996 1 0 2 0.384399868265145 1 0.000334001336005344 2 0.363881558412308 1 0.000334001336005344 2
"8" 0.290670631453277 1 0.000334001336005344 2 0.275955760629871 1 0.00334001336005344 2 0.299619385267153 1 0.00100200400801603 2 0.30274295270784 1 0.00100200400801603 2
"9" 0.43532100420881 1 0.000334001336005344 2 0.420540013993629 1 0 2 0.394171979365976 1 0.000334001336005344 2 0.392317485163315 1 0.000334001336005344 2
"10" 0.267773680085265 1 0 2 0.236855196079666 1 0 2 0.222708769612031 1 0 2 0.245504166004398 1 0 2
"11" 0.315276082776484 1 0.000334001336005344 2 0.306217219662879 1 0.00167000668002672 2 0.284514671647442 1 0.000334001336005344 2 0.281159754107417 1 0.000334001336005344 2
"12" 0.262482720505164 1 0 2 0.508092118252856 1 0 1 0.248576201880319 1 0 2 0.247272481364664 1 0 2
"13" 0.734258682067297 1 0.000334001336005344 4 0.402817375741502 1 0.000334001336005344 2 0.421631903230767 1 0.000334001336005344 2 0.428729877180078 1 0.000668002672010688 2
"14" 0.626424313543248 1 0 3 0.400787730676446 1 0.00200400801603206 2 0.383805949119384 1 0.000334001336005344 2 0.385522443338524 1 0.000334001336005344 2
"15" 0.411742282740959 1 0 2 0.406602677716618 1 0 2 0.387943103879072 1 0.000334001336005344 2 0.388913817272866 1 0.000334001336005344 2
"16" 0.519603685375609 1 0.000334001336005344 1 0.523090456986867 1 0.000334001336005344 1 0.34596847570466 1 0.000334001336005344 2 0.329289127638452 1 0.000334001336005344 2
"17" 0.584323560901887 1 0.000334001336005344 3 0.57047690355837 1 0.000334001336005344 3 0.30215331114162 1 0.000334001336005344 2 0.307717280297769 1 0.000334001336005344 2
"18" 0.366483616690283 1 0.000334001336005344 2 0.323105548445572 1 0.00133600534402138 2 0.327626599140263 1 0.000668002672010688 2 0.308032672731304 1 0.000668002672010688 2
"19" 0.324959644466282 1 0.000334001336005344 2 0.332602340788609 1 0.0030060120240481 2 0.299596338553389 1 0 2 0.300944631655736 1 0 2
"20" 0.530329020497626 1 0.000334001336005344 3 0.345937071283448 1 0.00634602538410154 2 0.347219355656095 1 0.000668002672010688 2 0.318666712240222 1 0.000668002672010688 2
"21" 0.562964537414141 1 0.000334001336005344 3 0.308510917976906 1 0.000334001336005344 2 0.345191132415245 1 0.000668002672010688 2 0.338079723496718 1 0.000668002672010688 2
"22" 0.432548503059689 1 0 2 0.508549627038627 1 0 1 0.419667636035444 1 0 2 0.41150446238941 1 0 2
"23" 0.284143482386959 1 0.000334001336005344 2 0.318997416492504 1 0 2 0.313879494272159 1 0 2 0.273122971480645 1 0 2
"24" 0.786714453924628 1 0.000668002672010688 4 0.379085858093629 1 0.00233800935203741 2 0.382416722414167 1 0.000668002672010688 2 0.380144822144252 1 0.000668002672010688 2
"25" 0.244754904271385 1 0.000334001336005344 2 0.191811213791514 1 0.000334001336005344 2 0.301775872421948 1 0 2 0.231993671460379 1 0.000334001336005344 2
"110" 0.329727021990486 1 0 2 0.346035677280127 1 0.00601202404809619 2 0.519387279638273 1 0 1 0.519587239554194 1 0 1
"26" 0.386107188135073 1 0.000334001336005344 2 0.371998818281659 1 0.00701402805611222 2 0.396209548959243 1 0.000668002672010688 2 0.402529529150661 1 0.000668002672010688 2
"31" 0.430618707243543 1 0.000334001336005344 2 0.401161825368701 1 0.00200400801603206 2 0.350012721814216 1 0.000334001336005344 2 0.330583734053777 1 0.000334001336005344 2
"41" 0.513336639432805 1 0.000334001336005344 1 0.507885212991497 1 0 1 0.507654813326331 1 0 1 0.506928866138516 1 0 1
"51" 0.388238963373842 1 0 2 0.386461552778777 1 0 2 0.381923920482741 1 0 2 0.378990544143262 1 0 2
"61" 0.563057116896542 1 0 3 0.293318168977689 1 0.000334001336005344 2 0.365806687682346 1 0.000334001336005344 2 0.381413888896057 1 0.000334001336005344 2
"71" 0.56783230602455 1 0.000334001336005344 3 0.32369473063315 1 0.000334001336005344 2 0.357118785900244 1 0.000334001336005344 2 0.366094410683443 1 0.000334001336005344 2
"81" 0.528517536503455 1 0.000334001336005344 3 0.324656919327858 1 0.000334001336005344 2 0.308498339069897 1 0.000334001336005344 2 0.306847939604029 1 0.000334001336005344 2
"91" 0.724597570577784 1 0 4 0.355721105783007 1 0.00267201068804275 2 0.321143611359644 1 0 2 0.305761018485609 1 0 2
"101" 0.331794341631818 1 0.000334001336005344 2 0.509741034585234 1 0 1 0.508560720069637 1 0 1 0.508659383382853 1 0 1
"111" 0.41847379991813 1 0.000334001336005344 2 0.454896022930632 1 0.00400801603206413 2 0.424102348848961 1 0.000668002672010688 2 0.412865829760626 1 0.000668002672010688 2
"121" 0.19158630767184 1 0.000334001336005344 2 0.190631573319266 1 0.000334001336005344 2 0.196203148033764 1 0.000334001336005344 2 0.20098958009585 1 0.000334001336005344 2
"131" 0.625218659881537 1 0 3 0.489874413103549 1 0.00501002004008016 2 0.521367824771811 1 0.00100200400801603 1 0.52082044555659 1 0.00100200400801603 1
"141" 0.380533671410325 1 0 2 0.336110453802912 1 0 2 0.366058989328897 1 0 2 0.381717277886064 1 0 2
"151" 0.246114071090759 1 0 2 0.229999799351126 1 0 2 0.214816721292905 1 0.000334001336005344 2 0.209010416720187 1 0 2
"161" 0.28832056176605 1 0 2 0.298074974986679 1 0.00167000668002672 2 0.297643344063435 1 0.000334001336005344 2 0.290630038269989 1 0.000334001336005344 2
"171" 0.5841567407437 1 0.000334001336005344 3 0.346358662540302 1 0.000334001336005344 2 0.355406135284853 1 0.000668002672010688 2 0.345787102236023 1 0.000668002672010688 2
"181" 0.343130732738496 1 0 2 0.329000877208491 1 0 2 0.307356279869724 1 0 2 0.322581667503439 1 0 2
"191" 0.320507216907493 1 0 2 0.285442568708591 1 0.000334001336005344 2 0.268481630540222 1 0 2 0.282954266148316 1 0 2
"201" 0.31635146429417 1 0.000334001336005344 2 0.31488454633958 1 0.000334001336005344 2 0.323531340222038 1 0.000668002672010688 2 0.32330509957462 1 0.000668002672010688 2
"211" 0.71881318387237 1 0.000334001336005344 4 0.391282229399464 1 0.000334001336005344 2 0.365972954440886 1 0.000334001336005344 2 0.375802765911964 1 0.000334001336005344 2
"221" 0.300370326852734 1 0.00100200400801603 2 0.276109291217292 1 0.000334001336005344 2 0.279677096208839 1 0.000334001336005344 2 0.276247912090153 1 0.000334001336005344 2
"231" 0.608922465716764 1 0 3 0.622224763065144 1 0 3 0.351888888051568 1 0 2 0.35297809629695 1 0 2
"241" 0.785341215147417 1 0 4 0.426929934422172 1 0.000334001336005344 2 0.377475766214335 1 0.000334001336005344 2 0.365629617162208 1 0.000334001336005344 2
"251" 0.366257006849124 1 0.000334001336005344 2 0.376720135543071 1 0.000334001336005344 2 0.395166504330933 1 0.00100200400801603 2 0.380005263027492 1 0.00100200400801603 2
"112" 0.38781707903803 1 0 2 0.332081309392252 1 0.000334001336005344 2 0.307145543366546 1 0.000334001336005344 2 0.319445725067634 1 0.000334001336005344 2
"27" 0.372260019844362 1 0.000334001336005344 2 0.325880788024458 1 0.000668002672010688 2 0.31158615232216 1 0.000334001336005344 2 0.310769010820625 1 0.000334001336005344 2
"32" 0.239626194506822 1 0.000334001336005344 2 0.280642465291884 1 0.000334001336005344 2 0.243367354481473 1 0.000334001336005344 2 0.218789282325355 1 0.000334001336005344 2
"42" 0.739292928822687 1 0 4 0.363775444141935 1 0.000334001336005344 2 0.294662863121268 1 0.000334001336005344 2 0.325571268970545 1 0.000334001336005344 2
"52" 0.326532899998323 1 0.000334001336005344 2 0.313713854506112 1 0 2 0.335869911554017 1 0.000334001336005344 2 0.338980006004725 1 0.000334001336005344 2
"62" 0.465500715387456 1 0.000334001336005344 2 0.451214168106153 1 0.00868403473613895 2 0.438848457191275 1 0.000334001336005344 2 0.448843574935112 1 0.000334001336005344 2
"72" 0.325534909664864 1 0.000334001336005344 2 0.361576314956641 1 0.000334001336005344 2 0.308969096023377 1 0.000334001336005344 2 0.306706501422447 1 0.000334001336005344 2
"82" 0.310577240381218 1 0 2 0.296170709245118 1 0 2 0.292959066540807 1 0 2 0.29574606211183 1 0 2
"92" 0.36238482336879 1 0.000334001336005344 2 0.303249987843347 1 0 2 0.294705626258741 1 0 2 0.299185598888087 1 0 2
"102" 0.256989502467547 1 0 2 0.248142316015996 1 0.000334001336005344 2 0.279578080191899 1 0 2 0.274772334528976 1 0 2
"113" 0.515606046082821 1 0.000668002672010688 1 0.355497958676079 1 0.00501002004008016 2 0.346886896138637 1 0.00100200400801603 2 0.362371610428233 1 0.00100200400801603 2
"122" 0.427720615821083 1 0.000334001336005344 2 0.37751734426961 1 0.00467601870407482 2 0.291218952134514 1 0.000334001336005344 2 0.287639850262186 1 0.000334001336005344 2
"132" 0.263052828833425 1 0.000334001336005344 2 0.307482687226659 1 0.00367401469605878 2 0.276269635885998 1 0.000668002672010688 2 0.262727185475404 1 0.000668002672010688 2
"142" 0.609783692650957 1 0.00100200400801603 3 0.583433921632215 1 0.00100200400801603 3 0.380303145683391 1 0.000668002672010688 2 0.372730653648758 1 0.000334001336005344 2
"152" 0.407627369515556 1 0 2 0.416208276032986 1 0 2 0.422497511657786 1 0 2 0.426061530277111 1 0 2
"162" 0.335757847737433 1 0 2 0.327743998407595 1 0 2 0.294613366492914 1 0 2 0.295696825402058 1 0 2
"172" 0.575262648951955 1 0 3 0.371210153812651 1 0.00133600534402138 2 0.386486107729489 1 0.000668002672010688 2 0.408794923527622 1 0.000668002672010688 2
"182" 0.425838997301063 1 0.000334001336005344 2 0.367983207147716 1 0.000668002672010688 2 0.35163702817134 1 0.000668002672010688 2 0.380349547508186 1 0.000668002672010688 2
"192" 0.583220874409503 1 0.000334001336005344 3 0.363338526150063 1 0.00634602538410154 2 0.34378911913644 1 0.000668002672010688 2 0.349953081367119 1 0.000668002672010688 2
"202" 0.162393907024556 1 0 2 0.130487259870898 1 0.00133600534402138 2 0.185518674255461 1 0 2 0.186707386736074 1 0.000334001336005344 2
"212" 0.406768664747898 1 0 2 0.31221449401368 1 0 2 0.32827582803904 1 0 2 0.371415891301183 1 0 2
"222" 0.339780398373546 1 0 2 0.352950302730426 1 0.000334001336005344 2 0.330997595461722 1 0.000334001336005344 2 0.332381862940206 1 0.000334001336005344 2
"232" 0.540096831419604 1 0 3 0.264222201826226 1 0.000334001336005344 2 0.264271197706909 1 0.000334001336005344 2 0.254628666964549 1 0.000334001336005344 2
"242" 0.3642609620033 1 0 2 0.349303894535502 1 0 2 0.39330338151829 1 0 2 0.364019896097297 1 0 2
"252" 0.321524447010461 1 0.000334001336005344 2 0.254844227389314 1 0.000334001336005344 2 0.292053664609725 1 0.000334001336005344 2 0.30040852422594 1 0.000334001336005344 2
"114" 0.39549808710149 1 0.000334001336005344 2 0.401012413893758 1 0.000334001336005344 2 0.390714304105237 1 0.000668002672010688 2 0.382680633551122 1 0.000668002672010688 2
"28" 0.354623485315411 1 0 2 0.508419813372735 1 0 1 0.296971765654995 1 0 2 0.310341928988839 1 0 2
"33" 0.367389593455047 1 0.000334001336005344 2 0.268892141587515 1 0.000334001336005344 2 0.286282419374755 1 0.000334001336005344 2 0.316210837528147 1 0.000334001336005344 2
"43" 0.348049822614305 1 0.000334001336005344 2 0.289177504205699 1 0.000334001336005344 2 0.291774196813322 1 0.000334001336005344 2 0.299489061021588 1 0.000334001336005344 2
"53" 0.256689518663752 1 0 2 0.287541075172384 1 0.00167000668002672 2 0.23115970185048 1 0.000334001336005344 2 0.237451802384976 1 0.000334001336005344 2
"63" 0.343446509004036 1 0.000334001336005344 2 0.577129758181478 1 0 3 0.306471849327411 1 0.000334001336005344 2 0.295584812963575 1 0.000334001336005344 2
"73" 0.330187361398081 1 0.000334001336005344 2 0.332886029575914 1 0.000334001336005344 2 0.296237513619569 1 0.000334001336005344 2 0.283282348294334 1 0.000334001336005344 2
"83" 0.555700990646307 1 0 3 0.285795497506016 1 0 2 0.275541599764192 1 0 2 0.256935103632379 1 0 2
"93" 0.343316160659493 1 0 2 0.359832320220975 1 0 2 0.336624641194408 1 0 2 0.323844073525738 1 0 2
"103" 0.327766994772169 1 0 2 0.349417991379286 1 0.00267201068804275 2 0.322964639757892 1 0 2 0.286692976188903 1 0 2
"115" 0.299270336220401 1 0 2 0.261537220528683 1 0.000334001336005344 2 0.251015618474198 1 0 2 0.253294972667429 1 0 2
"123" 0.33372244970091 1 0 2 0.323070601045905 1 0 2 0.286346442631896 1 0 2 0.270991890818707 1 0 2
"133" 0.347121910490174 1 0.000334001336005344 2 0.355140869494428 1 0.000334001336005344 2 0.335651876429133 1 0.000334001336005344 2 0.335399289604608 1 0.000334001336005344 2
"143" 0.364575776400798 1 0 2 0.384473231655222 1 0.00367401469605878 2 0.358119047183674 1 0.000334001336005344 2 0.342637665740361 1 0.000334001336005344 2
"153" 0.346035426398035 1 0.000334001336005344 2 0.334489511367115 1 0.000334001336005344 2 0.302377542540085 1 0.000334001336005344 2 0.305274198998079 1 0.000334001336005344 2
"163" 0.758193695949046 1 0.000334001336005344 4 0.56666913079861 1 0.000668002672010688 3 0.272194593659628 1 0.000334001336005344 2 0.266318856599365 1 0.000334001336005344 2
"173" 0.296792692246769 1 0.000334001336005344 2 0.26399698931415 1 0.000668002672010688 2 0.210816207593793 1 0.000334001336005344 2 0.255788613364424 1 0.000334001336005344 2
"183" 0.327625897872737 1 0.000334001336005344 2 0.332516997324675 1 0.000334001336005344 2 0.310292788810821 1 0.000334001336005344 2 0.292695407844537 1 0.000334001336005344 2
"193" 0.329321768305068 1 0 2 0.312379038174955 1 0 2 0.345665238861763 1 0.000334001336005344 2 0.353013439826301 1 0.000334001336005344 2
"203" 0.566077351690787 1 0.000334001336005344 3 0.397279152731889 1 0.00501002004008016 2 0.356573123789344 1 0.000668002672010688 2 0.345851944230256 1 0.000668002672010688 2
"213" 0.413772586910539 1 0.000334001336005344 2 0.418579816245307 1 0.000334001336005344 2 0.416792577507578 1 0.000334001336005344 2 0.418426373180211 1 0.000334001336005344 2
"223" 0.232944130628329 1 0.000334001336005344 2 0.277207980460084 1 0.0030060120240481 2 0.235102361095833 1 0.000668002672010688 2 0.240199733406352 1 0.000668002672010688 2
"233" 0.275058027413245 1 0 2 0.299128385446774 1 0.000334001336005344 2 0.240112558228515 1 0 2 0.223495929586545 1 0.000334001336005344 2
"243" 0.796303618444242 1 0.000334001336005344 4 0.420355521043768 1 0.00434201736806947 2 0.432491083852674 1 0.000668002672010688 2 0.432258797381434 1 0.000334001336005344 2
"253" 0.6051165373972 1 0.000334001336005344 2 0.518942125858607 1 0.000668002672010688 1 0.517782138859787 1 0.000668002672010688 1 0.518662083520133 1 0.000334001336005344 1
