"dist_lassosir" "TPR_lassosir" "FPR_lassosir" "d_lassosir"
"1" 0.59331066782211 1 0.00701402805611222 1
"2" 0.713664155893755 1 0.0156980627922512 1
"3" 0.57635329265359 1 0.00668002672010688 1
"4" 0.649572701665416 1 0.00434201736806947 1
"5" 0.896524398882089 1 0.0397461589846359 2
"6" 0.703222390168674 1 0.0130260521042084 1
"7" 0.608749199518668 1 0.00167000668002672 1
"8" 0.562829763937945 1 0.000668002672010688 1
"9" 0.568107709729902 1 0.00400801603206413 1
"10" 0.849853882733722 1 0.0400801603206413 2
"11" 0.653375146851669 1 0.00601202404809619 1
"12" 0.602083115083751 1 0.000334001336005344 1
"13" 0.602149939146507 1 0.00400801603206413 1
"14" 0.541008117916448 1 0.00100200400801603 1
"15" 0.568873146774139 1 0.00267201068804275 1
"16" 0.58514900526354 1 0.00634602538410154 1
"17" 0.56788275603521 1 0 1
"18" 0.517635627634861 1 0.000668002672010688 1
"19" 0.595854262979814 1 0 1
"20" 0.584939944989443 1 0.00434201736806947 1
"21" 0.569875972548759 1 0.0053440213760855 1
"22" 0.559374552653403 1 0.00233800935203741 1
"23" 0.657015569852719 1 0.00901803607214429 1
"24" 0.606094801040204 1 0.00200400801603206 1
"25" 0.798764329438554 1 0.0317301269205077 2
"26" 0.669927615038321 1 0.0120240480961924 1
"27" 0.576689171990381 1 0.000668002672010688 1
"28" 0.746018604060396 0.833333333333333 0.0280561122244489 2
"29" 0.52064929066847 1 0.00167000668002672 1
"30" 0.554045254146665 1 0.00200400801603206 1
"31" 0.546619740567839 1 0.00100200400801603 1
"32" 0.531052036824618 1 0.00100200400801603 1
"33" 0.651634184961226 1 0.0110220440881764 1
"34" 0.557308450763125 1 0.00133600534402138 1
"35" 0.576668634879713 1 0.00400801603206413 1
"36" 0.685542714505076 1 0.0133600534402138 1
"37" 0.512410640947215 1 0.000334001336005344 1
"38" 0.831468453515988 1 0.040748162992652 2
"39" 0.633081448147801 1 0.000334001336005344 1
"40" 0.63923902096795 1 0.00701402805611222 1
"41" 0.66524362599002 1 0 1
"42" 0.601023055827574 1 0.00133600534402138 1
"43" 0.560404054174415 1 0.00167000668002672 1
"44" 0.578415057981042 1 0.00267201068804275 1
"45" 0.670813896765597 0.833333333333333 0.000668002672010688 1
"46" 0.526786999216271 1 0.000334001336005344 1
"47" 0.685055145277892 1 0.011690046760187 1
"48" 0.539851210848048 1 0.00100200400801603 1
"49" 0.551815390216085 1 0.0030060120240481 1
"50" 0.673091213659215 1 0.0110220440881764 1
"51" 0.548094091286466 1 0.00400801603206413 1
"52" 0.653638564724029 1 0.00634602538410154 1
"53" 0.570102630696906 1 0.00400801603206413 1
"54" 0.633094427714001 0.833333333333333 0.00334001336005344 1
"55" 0.576890323608914 0.833333333333333 0.000334001336005344 1
"56" 0.566317602022619 1 0.000334001336005344 1
"57" 0.608181271523318 1 0.00200400801603206 1
"58" 0.739970205448498 1 0.0143620574482298 1
"59" 0.55047559015611 1 0 1
"60" 0.648414700725572 1 0.00200400801603206 1
"61" 0.688449113245163 1 0.0163660654642619 1
"62" 0.613678641503676 1 0.000668002672010688 1
"63" 0.621460158739865 1 0.00868403473613895 1
"64" 0.563691097074653 1 0.000334001336005344 1
"65" 0.556715541947395 1 0.000668002672010688 1
"66" 0.59071024759667 1 0.00501002004008016 1
"67" 0.566607821071451 1 0.000668002672010688 1
"68" 0.635220163615962 1 0.00567802271209085 1
"69" 0.543396208321172 1 0.000668002672010688 1
"70" 0.579525218874943 1 0.00167000668002672 1
"71" 0.66012980997551 1 0.0100200400801603 1
"72" 0.664145918556813 0.833333333333333 0.00501002004008016 1
"73" 0.546301049417499 0.833333333333333 0 1
"74" 0.66663850557444 1 0.010688042752171 1
"75" 0.622264066595976 1 0.00634602538410154 1
"76" 0.638693990798031 1 0.00701402805611222 1
"77" 0.566128429930664 1 0.000334001336005344 1
"78" 0.59059849238848 1 0.00668002672010688 1
"79" 0.566887405016363 1 0.00267201068804275 1
"80" 0.612980868086594 1 0.000334001336005344 1
"81" 0.610702463338626 1 0.00100200400801603 1
"82" 0.581335063832052 1 0.00167000668002672 1
"83" 0.718974992450382 1 0.0120240480961924 1
"84" 0.60790817864395 1 0.00467601870407482 1
"85" 0.627115886291777 1 0.00267201068804275 1
"86" 0.652274183444756 1 0.0030060120240481 1
"87" 0.5461280959877 1 0.000334001336005344 1
"88" 0.636605242338684 1 0.0103540414161657 1
"89" 0.635973894081492 1 0.00567802271209085 1
"90" 0.572937733918418 1 0 1
"91" 0.574914980889519 1 0.00167000668002672 1
"92" 0.548535913676544 1 0.000668002672010688 1
"93" 0.582746664578492 1 0.00100200400801603 1
"94" 0.579444968823235 1 0.00334001336005344 1
"95" 0.658352572991478 1 0.00868403473613895 1
"96" 0.617459631250623 1 0.00668002672010688 1
"97" 0.638866318761776 1 0.00267201068804275 1
"98" 0.678725561154654 1 0.0130260521042084 1
"99" 0.652393540030869 1 0.00968603874415498 1
"100" 0.72762945524303 1 0.0153640614562458 1
